4174985,4263844	1
2179408,4084738	1
2898560,5056684	1
2468901,4301270	1
2409936,4810373	1
1503068,4826576	1
1567614,3718110	1
3866327,3995732	1
4306966,4858314	1
933606,2471607	1
1061544,1860527	1
1527449,1893438	1
435051,1783449	1
1138,2082368	1
1739931,4667312	1
398904,1569796	1
1402604,2078739	1
3859489,3950877	1
453552,4741568	1
319132,690587	1
143829,3255813	1
3121251,4740832	1
2398284,2456541	1
1810211,4907977	1
1939838,3939092	1
853291,1292894	1
186843,936645	1
2522700,4341340	1
3772397,4551433	1
1158214,1348282	1
61719,2262363	1
1395155,2698355	1
3562749,4094871	1
740947,934383	1
364741,4931229	1
1061544,3997484	1
3521055,4984251	1
91869,3324515	1
1674618,4784818	1
2653732,5035163	1
372320,3787955	1
3715576,4109268	1
116033,679805	1
261163,329983	1
3307132,3605958	1
937712,3758965	1
2002671,2237570	1
2952319,3685736	1
364433,3915278	1
3418880,4976432	1
1351912,2563801	1
394978,2022073	1
600081,4165779	1
1499157,4463298	1
2567305,4027617	1
1403409,4888341	1
2915544,5142056	1
1172125,3506004	1
1403409,1787150	1
3381156,3474225	1
849843,3619936	1
3206416,3579060	1
4310256,4950243	1
1749371,2653732	1
3917035,4214354	1
1787150,4888341	1
810653,2125655	1
709710,3318643	1
760983,1442849	1
1996270,4649427	1
3557186,5035531	1
2309077,2600772	1
649019,2236337	1
835841,1361358	1
1441528,2228157	1
2314045,3996439	1
213914,553281	1
2078739,4827158	1
855231,1474251	1
4648514,4719914	1
81573,4514629	1
725401,5141308	1
1294500,4299936	1
3070037,4158473	1
3438195,4678401	1
1087933,1446946	1
253198,2471481	1
751709,5051417	1
2640957,4258478	1
153433,1573022	1
287167,3386072	1
2408195,4104508	1
250682,3275009	1
1402604,4827158	1
3996792,4533451	1
1640333,4069291	1
795030,903248	1
1428628,4053574	1
65385,3117069	1
2524343,4448113	1
911834,4158003	1
1009802,2795838	1
2782419,3272907	1
947861,2429020	1
426232,1166287	1
395366,3778535	1
2231549,3552898	1
2104076,4471204	1
2657702,4076578	1
763897,4446870	1
591978,3701824	1
1486895,2938216	1
1083848,3704235	1
832834,1654450	1
2424383,4533729	1
3748665,4556988	1
1749371,5035163	1
386265,1445700	1
647823,2980349	1
1500938,3475171	1
277064,3600173	1
2359683,4254173	1
1987474,2100192	1
1078094,3031863	1
407091,1620943	1
2606433,4505717	1
64804,2385023	1
2653979,4666588	1
3780945,4028947	1
1672584,3090840	1
104423,3727523	1
472917,1162934	1
1101691,1118116	1
1294376,2828518	1
657438,2146264	1
