766798	824913
2822478	667967
1962782	873192,907517
3131162	456999
428826	460687
4289042	386551
3105638	410742
1546598	21588
3401526	175832
3598126	838667
4611146	504179
2116062	985879
3072322	551029
3000506	465497,858307
688962	854011
2826510	801127
2158346	272354
2119758	881013
724202	18624
2871938	579484
1883850	591205
4142574	765051
1087146	408833
203038	600206
5004254	1008077
2481222	89220
3150950	243167,825016
2136926	409234
431338	64705
3626626	230367
366530	187062
2680614	382188
3174570	943218
4281298	673300
3184730	97251
3020794	444262
4160838	253978
2737738	631924
32814	528713
639122	663403
5001314	939172
3251198	374496
1032178	479355
4429530	201459
254490	375065
3763846	782591
1190454	254519
3198406	894443
2888006	718793
1650822	237924
1559462	528061
3762766	850798
6778	96399
4228426	46371
2754378	535095
2633330	80393
3244134	161064,346476,603064
3040662	310860
2105374	520049
2541110	708852
662478	254421
4190394	254027
4221098	422112
4420134	367
3155674	685847
2277762	730406
2936114	704099
4405514	617259
2775202	171809
4364558	701326
2045694	575769
4168154	625638
3193110	136055
2138354	281586
3205570	145933
4662054	313181
1509254	674825
2419422	962933
3668594	164747
2446138	970739
4733990	883485
1996070	837698
5009650	762557
90418	951937
1349666	888088
2847398	89417,104578
1405674	718608
630218	564689
1505234	977898
1242626	754606
4872982	146175
1265614	700030
812990	133767
2863646	469024
5117174	464926
2746598	2070
1711622	786779
3183302	473111
3960190	673124
5059698	806231
3448678	187611
3916738	463543
2011402	711560
448662	413248
2941034	600836
4327070	146451
4764578	901271
4601998	264716
1913414	688018
1101570	349072
3654822	165731
1282638	978379
3642866	540116
4845590	791644
887446	587944
2438014	297692
3976010	519381
4611706	732812
2888286	359083
5047474	677641
1680854	612191
2153238	446165
2840822	617985
4503422	606361
4993754	578184
5087466	42675
3503534	922013
3600434	742828
1491582	628284
1788906	966864
2103078	137026
1735422	995061
632542	838991
4028338	556511
1344014	343939
1078094	452336
2045786	893466
4467626	38270,708158
1830870	132504
4342010	632474
3243370	133502
1628430	825367
2190874	68685
2343074	251487
1422506	437011
679862	924856
1884018	255708
1620654	795952
1419510	302976
3410022	160170
1169462	273138
1674618	688014
3037018	857017
394978	559812,582567,844442
4138550	14612
228766	1000085
4198298	947255
3379926	184548
3388586	574267
287610	991272
1904726	985439
2531958	886575
1623998	454409
1290730	541963
1021462	367659
4554006	44168
4612750	456368
3732914	217811
1546150	9292
1336910	376058
1258202	650610
182782	845064
2285630	929361
4663426	811291
3002318	112181
982410	12207
2159634	710650,860890
1395562	954265
1525438	863646
779670	304550
3015570	485344
2386354	813668
4808118	531521
3327166	966038
465810	256911
4421250	854255
3718110	274200
3026546	897129
2484702	763706
816390	206379
4306966	426779
3790398	871148
2745874	60247
338358	21192
83470	139403
2140142	497892
214846	643
53766	537528
2691582	355626
77418	519269
4312878	740503
5066798	748249
2940154	315905
4694826	350379
2425538	897398
1339262	390254
3474478	284167
2563250	295830
3854406	148744
2091174	954478
2252398	797102
340954	164402
1642650	757290
4150674	291960
1258858	187369
4336954	896252
1437134	286045
4712130	390145
2661210	77183
2292610	986066
1691886	441574
2997558	26873
1151162	698079
65178	324615
1083002	232329
3654350	254255
4475830	160889
1472874	1011579
5076806	615696
1647546	856472
4330306	328130
4248770	960091
3754186	497126
2274410	917305
5044634	611964
2370982	815383
3647054	432666
4427194	716276
3605958	874162
3437366	375234
4735938	612717
2644922	870541
4150162	652371
2353954	343959
1878462	739359
487470	514883
4620778	425085
4083574	293514
3563390	351736
2761782	333084
2417026	340387
386858	725962
4997550	489233
4191622	26126
2303234	517154
934466	264206
2637430	447972
1588734	1015341
2973830	990991
2111454	811905
2771074	78081
4853354	425984
499858	247768
2580018	471937
2206282	649647
3679842	49464
4508118	476958
2815994	994694
73642	289962
2283102	795597
3220342	737047
729678	353107
4736826	637354
3121186	994464
3252198	327596
3163726	348694
956418	234102
4782890	328189
3891034	278080
1756790	584097
2809958	624236
764410	350915
3044062	453222
2641122	42174
372074	22757
191098	344907
4047182	20425
3074914	622667
4258698	698420
1978438	335808
1290306	17992
950626	610789
3049474	290313
2963574	954513
3220906	1400
2565270	239043,783505
665514	369375
272082	317267,846959
3118774	968859
3962618	338476
1677746	196175
4300518	72282
1194698	619642
4426334	931332
3611466	760135
2247990	516846
1500050	459912
4823746	835592
5026330	972690
1205026	760472
2869998	93404
429378	313526
4157322	342543
407610	696398
2737698	490005
548670	584530
1951198	61474
2507314	830556
4154862	444030
4505862	526437
1737538	588193
1278322	879150
2804910	1011241
1636994	641788
3985270	709287
1675746	579426
571706	816128
2738702	386110
3562114	260206
588498	330944
1275442	1013076
3252734	377734
1030698	905063
3668794	830706
1846746	494375
1759558	375858
2856386	434898
3207314	975572
3892354	669108
251250	551361
3640166	786049
2727754	535226
1976502	630275
1318586	586104
4243986	54211
4977734	577754
238402	904634
3589370	625121
3276090	652543
4687302	785556
1628838	349440
2826118	305833
4609082	184118
3371906	272129
3341190	645636
3897534	92953,518488
3681278	875556
2504546	15849,329920
4150694	311972
4602238	161855
2796566	968743
4182374	340462
1361358	720554
112722	129510
1677218	267814
272726	440636
4076594	450987,671917
2884250	336975
875602	196751
3445810	67638
2684226	562859
3163274	21775
2608622	582645
5017514	543069
1412690	940729
3329950	644236
4180918	322738
289686	576475
1973530	208112,891538
4713550	193717
303270	660939
4893286	815320
615922	36091
637058	635349
4983878	735625
3969982	611781
4740914	34500
4410182	302900
2392338	743327
1462502	620653
2958650	1014815
954258	405522
650394	600309
1998546	779573
512634	174637
4263046	836865
1469150	12541
4439694	46666
239402	671344
4850910	237415
3607794	738926
307874	254776
219442	808435
2053258	643943
3027046	390377
3337290	180339
1073622	787947
1232206	381845
4584538	352896
5086702	780198
2690318	658466
1105838	737139
1243206	129352
441558	211986
3290886	468900
1204358	594108
2690262	775029
1256502	52699
4242518	703355
160182	45521
4525122	173422
4083502	632343
4788430	144646
1983590	732879
4886106	322805
1741494	390103,1010209
1338302	995892
3046406	385988
4519486	692945
2124338	335246
1874082	830230
3102202	806055
4221238	339091
4004350	563131
4246078	476351
5047054	390762
5039022	648965
1363274	471987
464210	874962
2136070	702465
3971554	130539
4533318	577520
3595754	627034
3427154	462732
935918	577306
1137390	166872
2033770	674314
4245546	565274
832834	460728
4903582	730333
4634678	153644
434886	930954
4280194	284365
4872066	435069
592662	492835
1312274	110536
2766118	258683
1029234	575922
2083678	428318
2062214	833341
5109110	805128
2372914	102131
1115610	744449
2237994	181795
1403546	578782
1692326	611948
4996674	635192
4600118	602539
4465966	813463,821663
3958822	359832
736762	461699
3687434	712048
2796174	633160
3063382	39958
74402	34742
3215086	686106
2510682	658555
4168266	609517
795030	624496
2561562	716986
1721286	186239
303622	861014
1012614	570802
4599506	159452,800629
4392678	586770
4084102	986885
2330498	620711
4426114	565593
2053694	428258
4616642	966117
1244438	438916
1223150	874067
4015794	672962
1501838	354668
1126338	196126
4441142	683979
2083818	996567
3091862	848911
3963082	239955
4569450	218594
1510082	845944
4928882	651007
2613238	470916
4413978	651276
534046	1005269
1410938	879352
3838542	649759
2496682	170379
669314	310241
3694030	343778
772498	471228
1893438	161094
1295634	185394
2189110	610661
4780142	330579
2130078	336983
693818	61803
1758146	531443
3800978	394816
3970662	473738
2399518	269923
4816270	564271
2473310	594489,796079
3992454	17030
2962858	450093
2026498	815522
2154370	508369
3088926	875670
557362	748075
4935522	29610
2286162	223777
1880006	886172
2739898	34683,211228
2669286	595824
4076578	35391
3732494	476110
821522	879786
4483598	123579,694836
2612530	938139
4266382	682484
340834	634995
727190	292341
894842	280457
2580814	204505
1674674	894060
1023022	109275
1292894	633338
566854	325523
3026358	697436
3093058	861165
35194	724396
1508222	286252
4894838	312731
876762	659312
3796182	854817
2016482	719262
4214526	82174
591978	34857
4241718	985401
4142426	38632
4301762	822277
3736086	687304
1742930	682101
2233894	384697
286894	1013978
1961590	582099
4016122	889585
185530	960353
1220546	175374
4879674	974562
2187282	650767
3618198	583835
3365370	589585
3312738	158600
1079386	1015183
199594	872884
1504074	719728
694642	489312
1396382	404315
5024278	726020
2269742	14880
46438	784749
1652350	266665
4824090	701989
3335706	244134
3792414	952961
2980454	505393
1079646	591587
1161326	681522
362446	54542
8154	173176
3514518	659416
46810	636680
4585746	383182
11150	977435
1386654	428140,574597
178070	952252
2453542	538803
3172162	609072
1982994	119356
58938	808745
180850	753649
2515418	443934
4514594	394730
134098	200481
2175442	1009318
907834	417755
3434922	50069
4381566	911299
1831598	493885
1985302	93449,221172
2596222	25182
3230974	413085
4162858	69918
1030230	730998
4598030	710438
4707638	19672
3656814	575426
432334	113201
1090958	706148
923866	235901
4561866	92176
5057846	344507
5145742	52284
866790	189583
4729010	42331
1776414	866157
1639046	602019
2387610	962807
4292046	45493
347302	618626
4560690	58987
988034	26052
4177342	225731
1217618	213305
217054	42080
2787806	385549
1304646	141870
1541734	363143
624078	285757
420250	474874
2828518	806898,858114
3440530	181584
1197178	881086
2725986	456249
2815086	542892
2272250	960618
4912366	703659
4607034	796038
1877402	404081
1393182	510300
4446870	925078
1437122	483096
3941526	55800
566202	446879
2498578	133223
2982022	282015
3186874	961032
2541862	968053
3574870	841119
791310	786184
4333182	870809
4793786	779727
2647306	306359
2467858	804813
3771886	182138
507822	133446,424194
786938	258087
2747482	465047
5006158	601830
2100882	274376
3051030	494940
3769450	358899
2731458	484891
1491510	255556
602770	1007470
585854	386331
367690	368219
255894	509037
3194778	90993
4975426	299017
3865598	164913
469382	285907
4203362	398750
3508742	482695
314402	513880
113638	585514
1363134	697362
5029574	625179
3272114	634997
5094262	187736
2751954	15559
4840434	819840
324126	914800
563306	933681
217410	666403
3106594	497055
2238754	75313
2461394	200477
4714086	982309
2914470	34260
1444906	137566
2515902	1002675
1477598	412796
3028022	331872
3874854	178300
2668350	76333
1472082	134157
191502	321846
1340126	145129
2702622	987047
4920730	477131
4456634	736795
1823494	220483
4823514	224853
2560262	89978,366921
556130	838314
4955418	579524
639846	353653
5134278	334387
4963622	904414
245674	851492
703962	440455
2352078	813720
2108118	629308
2435622	368473
418962	529624
2159710	658778
4435426	790306
4759006	770986
4630054	786853
3132746	426705
2340478	51969,784327
3974490	376919
4063266	105282
3007018	318342
4187626	556595
1471882	82811
4036162	888868
504870	458159
4218554	892832
4404990	144421
395366	67188
2387970	823546
62962	145672
3473606	799493
958266	788331
4798010	925089
4070050	1001940
3806786	64233
293346	779060
2646118	480833
1259018	413639
1009802	570846
4708354	837556
4612802	20852
4453274	908759
1046618	587581
4672506	489506
1683522	812998
2899794	373241
706526	101328
4810270	790001
3632370	605308
3671702	985481
3837334	213803
2365338	629882
4784818	688014
1233922	451740
1064170	226368
4402422	42764
4939118	157747
401234	141048
1546454	746298
4426854	598026
4329846	207705
2138074	427206,461758
823686	260647
1178830	983263
1732958	263308
3884850	354051
4221042	353601
1887118	492498
3319206	290432
4871802	305365
2277134	656119
1257570	536030
2012286	879761
5083146	47871
2662754	733669
3151054	487000
2620414	690699
3106522	239365
1501726	633490,902167
2642010	691050
1270054	209397
1840190	47329
3044802	175331
402914	643162
1081042	643580
3988450	679207
3370482	810839
1946982	16235
3339894	19749
1795118	224419
4703726	628992
1516354	388980
2329162	890349
768462	864670
3982606	253126
2066946	903191
1141190	251905
332574	679455
4611858	276364
2063750	834114
282374	610543
711574	684816
1821750	692153
1242366	328565
3070938	86385
3742666	497802
2341222	257353
2359022	1005095
5060058	418527
2957054	755005
4383210	694466
4218030	171600
4217918	609234
664262	415249
500578	56808
2092862	269180
2206134	633136
2966430	832684
3500014	537826
2291814	497619
4126038	21269
1475358	99,382967
3865766	364186
2476694	303378
1549402	806540
960238	1009843
2373234	89723
816022	180404
456142	873222
2786294	543078
1459442	390514
4201682	352884
1813078	577560
3778366	364697
728814	672569
4078554	559631
4030570	445130
4403814	837241
1425226	203124
3031354	294623,372315,694443
4218598	268565
4438446	630620
2423846	349111
1446946	799980
4638914	729382
743170	309158
3165450	949741
3513302	26630
4118466	817612
1277930	720238
3245802	803500
1624042	686876,848546
1240950	895950
881498	468123
1926022	410248
3387666	138063
2106466	531631
1978262	264699
1250062	423368
2958042	762279
94714	354084
3268830	916473
2805466	767390,897616
3840006	968528
3648950	7054
3183778	912707
1013622	498266
3808246	323615
2477022	145874
2706646	218757
3638422	493027
3167354	916304
2752962	663008
742326	657790
1666994	173885
3890162	805276
3819966	862437
1996270	222739,605269
2972638	189294
732402	1003150
5086810	314270
4049154	117552
4676678	438062
4821534	839707
4230490	655127
181850	887794
1143514	69612
3834262	904679
3688094	183438
4703994	970419
343470	215540
3713894	102786
4979458	765695
4560830	610614
2315858	1005419
3237034	701926
1216474	91468
3305770	937677
391678	347142
4046962	395148
5129942	907595
4227290	76257
637178	827856
3451102	797718
2669558	199250
1226078	631456
5117910	147983
668362	657362
1706562	52447
3289622	879846
2046746	863587
4594946	248479
2929518	723185
2151206	602705
2202518	222823
2845418	222621
4779422	756207
1398614	798147
1977654	823342
3504146	16049
315782	220412
2657702	35391
4265742	681230
2265102	237722
1758094	261725
870962	969017
637374	781411
2696802	228166
4021570	628419
1742918	535797
183238	738518
2066450	170741
3004506	271657
3261298	308837
1071550	1017404
3269550	575389
2947322	54987
353890	542710
2004474	677894
1855658	267581
247214	785996
3775314	918957
1378698	222578
2974510	383020
2850806	19653,446507,984384
1535294	933100
1436162	458794
1901566	772614
4458366	347722
478714	329989
2237570	277719
2300482	40432,1001332
24306	295804
2287834	52123
3036970	448638
298838	394480
1342322	851230
3670218	762363
1158214	47918
4885350	885715
4330094	847636
399922	415664
4761326	335450
1945046	592291
2444790	155907,833698
1006710	760347
4755482	424339
23626	484739
242822	84199
5107334	475325
3363470	888946
1050734	684188
83898	280611
644646	65555
4606966	641359,890084
45114	775972
681578	585330
815198	98579
1617158	149061
3639394	177861
2735826	370987
1757626	817748
4875290	419984
4265726	817106
3755494	175696,973680
4465062	726245
4108798	863172
2815910	712066
1827430	116558
2504202	397908
3677846	512457
145858	580582
33658	801893
4055906	33826
2839690	260076
1924902	351025
4139342	221067
104242	872840
3687538	438708
4521202	887416
1599902	492994
4288454	114184
1446218	694572
1536658	626524
3755934	89546
3003830	66971,317369
1271630	842772
950958	683079
2162230	555539
4173806	215087
482066	375393
4267602	373595
977654	682975
3979014	249633
4680734	352825
5056162	989982
1853022	382106
2680470	630569
1029606	60864
2821898	414159
3246958	323146
4071246	970335
3666338	253113
292674	913440
4626350	261132
281502	671150
4655522	144761
4065910	136343
4769326	31113
2414206	816592
3931094	1017515
2051870	558680
4842898	202671
1426098	299817
980034	646019
3885850	636546
3712542	740511
4060206	869303
1337470	425538
348866	282467
2207546	497344
1891122	35634,295961,380998
3673498	312986
326278	555246
282006	182939
4648514	921578
3056330	103442
2825874	864419
1691766	400945
1340702	446789
4952366	267575
4697134	89821
810130	455338
763690	823263
211298	314804
2857498	992636
2351062	20653
3543542	234919
821322	861359
4684930	231537
3054946	657261
5142562	516310,957887
4846910	259951
4915446	537524
2180146	522264
3698286	690691
3900510	172054
906282	573527
609622	756878
4827158	679210
1637174	490126
1653614	684802
1783990	317862,676246
3371222	370448
4033994	116634
2423754	655177
1691842	852416
2023798	247681
2693518	71174
4610774	756481
2964774	278822
1501342	955882
943342	149601
950418	463497
1684542	698893
414982	99005
1526146	2459
59982	55458
3652914	485127
3849070	629378
2589566	666811
1182430	929933
689966	406529
3233410	913995
2004314	565984
686034	342611
4801306	77982
1631834	946724
3074690	740169
4298054	38108
3806370	453050
4823934	129416
5138546	747737
3758030	62568
1121946	400702
858842	478168
2723082	177045
3381330	259718
3135050	276172
746054	216060
386466	861866
2552118	728245
2963226	796035
2539742	508530
2180510	787325
639522	140739
1523386	876653
3318666	623435
746082	187309
3497066	697652
3538902	280009
367382	839666
1762418	265521
2960206	152458
4151050	499738
3059414	564158
1294798	217080
2848150	881630
332450	411468
412806	144154
1082306	956665
1459938	598414
1950374	370195
1409914	579067
4000194	162854
2563030	532930,1003595
2777438	675303
2242714	319992
134534	15956
1477194	786834
2886810	665877
2491786	841747
887666	104734
3484478	444982
4924278	852712
1862258	825915
3530466	856927
1156454	478732
4324682	806037
2977338	756905
4059462	719534
1510922	306139
2963094	566349
270190	152395
646578	626447
356362	684998
2320918	512902
1738162	726227
4641318	747309
5163006	164870
76038	254894
1495702	498996
1254862	825736
52554	557053
243862	704842
4371354	358761
3988846	973969
4695006	388906
3826350	430250
1732886	330369
3547450	19388,778750
3274614	835951
1682250	329468
1110122	412332
3148234	719043
4211374	415393
2879666	596126
3951570	732397
2990134	318102
4622370	396474
2106842	538948
2916786	251977
4331798	71722
995850	269845
1840766	516837
725370	775341
3039566	141112
4365390	728740
2036294	91838
3873626	186848,760458
4371202	1008081
121226	476918
2305186	912836
1003282	199045
2634730	364789,806485
3532530	31538
1688534	768129
3450318	969946
841298	909909
540454	614882
162442	664098
2346590	345454
179614	482708
4398034	521223
4550306	680273
3103990	543671
4462882	55014
1375018	289857
117666	915560
4533982	801068
1590858	379044
2004294	574005
997542	474971
3541546	726475
3017266	652835
4268086	237190
3316886	184169
2437914	89345
1029298	231584
432862	781817
5056966	916290
680802	882429
3893962	356984
93606	883687
549510	786096
2180750	120984
1286430	131766
1078022	115217
4078638	434965
2403626	669435
3567474	425681
3758614	193632
2754226	592511
2325774	673285
4353082	54949
4308702	884510
4918506	153031
115678	729158
4074246	980263
927966	411996
1770218	1002299
3843506	622502
3972598	301928
162426	616005
3090694	104825
3858178	207479
3515350	258959
3843430	261571
4678366	749879
1843174	1016063
2912234	396937
3367146	872591
3605170	689043
3150594	487586
4582150	192397
3941546	167631
4623866	441002
4267590	765804
4890614	398287
1525594	503067
2331370	924960
243678	114610
3274418	25030
3480314	810652
3694214	186612
1877262	443823
3754742	56041
872910	136782
276714	747637
4361086	945759
1548178	184608
4117810	899831
3427282	996311
2061110	68768
1217450	285466
2426890	995803
1435606	107278
3611730	419272
841990	186413
1842926	665842
4988898	791130
1781194	412612
2856010	189333
71882	603288
4816558	679697
1901554	174976
1753258	677915
2562078	500673
399126	101964
3692526	764269
5152698	437112
3307334	457960
4063566	979542
1162934	786136
3230030	720941
483046	640701
2118438	868351
4145582	77349
2763118	937055
654246	29584
4674518	254430
857250	997794
1775522	349109
3147410	335974
4441526	723835
817146	403483
206390	187323
4628878	943772
1516062	47488
496362	147616
4139834	974245
2623326	550205
3429482	158459
3883850	835908
438162	1002844
5033158	309157
1521830	1015755
2674482	466904
3576862	603485
4219806	734356
956714	825478
5119870	625723
4654246	600776
188702	533432
2452958	12703
4699782	54971
971318	468565
5100522	343853
2241986	416576
1764582	713908
4689626	9929
4397442	956412
2886650	232902
4342326	243308
3875194	579526
2004798	502147
5047902	195665
3211558	365105
1361534	304698
4408134	60921
1435390	981903
2502818	625172
3622950	817961
4159094	442789
2373302	594860
284538	176901
596114	447207
1262954	259059
4322390	888029
3150342	67216
2052786	231734
1487838	939278
1301138	719440
134702	823068
2755150	653810
1386722	881109
276142	442107
1326078	722471
3291890	573507
5079370	18061,517556
3565922	849533
3816554	186794
3753422	585839
1407534	367257
2817666	59775
2573578	519382
1116830	865728
5088078	913594
250682	769229
2562818	948134
3518450	480889
3716622	660160
1132294	513351
4502938	424983
1722898	1002779
4048274	442742
1502970	761239
2524562	3066
1913906	780665
2353614	169295
2383214	393549
192054	271808
1300650	709763
2667430	54220
2522862	1016709
2509834	754693
3691086	614016
1776966	295540
3263014	480578
1527566	31075
3217962	683804
3482286	91164
4438646	766784
2865890	14580
885650	774458
5044786	555299
1606634	108319
4840826	507345
1344778	1005829
2784498	600301
1303734	105744,412054
4578250	948644
2144682	147436
4182126	651248
4496302	921502
2271658	470452
949862	11794
1648242	146467
2314778	719773
2963034	139768
134150	1017871
4066018	428961
3386354	863506
4723378	978097
957274	666913
952142	203040,722625
3868370	903949,946351
1348282	47918
2269018	788566
2505894	770704
1883474	360850
4166686	591975
4536278	747369
3011954	138833
2184794	564020
4068402	282678
3149930	676464
4256354	142639
1063918	537174
5151230	88073
474542	150534
4655182	732932
3707354	148510
2379858	859684
3529838	676535,940248
3242806	118930
1613806	424858
5038442	541939
29142	863671
1286678	1001983
4314490	770627
2245134	1001754
141094	706969
2750198	714453
428806	818525
4268750	360471
2632174	271783
3941358	457807
2115658	127399
3559102	92066
4460290	951079
1039898	273606
2527350	953979
4904710	190159
4667942	53473
4712862	624231
1717738	158244
4717894	106,734315
2780506	112289
3049642	1015646
4472958	465973
3116570	534661
4284862	365421
3749726	1003168
2857238	843679
267810	625483
3535686	135664
4290386	467301
2038114	925896
1500526	612004
1998170	384905
4886338	473268
2857566	69778
97846	965939
4160442	491597
4379782	356104
2847386	103
2767774	962524
2307618	216992
794130	615463
2368846	492509
2480494	341486
2970406	528443
5162490	756609
921082	265498
2285934	358892,584468
1118738	975138
2046230	821093
1153790	527326
1149730	539356
4444426	436921
3531490	273151
3595350	908508
3176902	724434
4944814	113355
1804954	515541
1958054	121180
4405702	912246
4818470	278444
3012546	96665
2506794	513410
1033774	241942
1588610	754141
3773578	608008
3803766	144907
3824102	975308
1491074	172278
3557878	131671
4662170	281714
4597338	247645
3424410	621134
821546	974491
3486422	708101
2323330	887774
3379570	971325
2424978	639150
1571914	157807
2295894	543771
1941238	1015862
3828758	355402
2446006	652755
4708590	259379
480502	75668
2066038	827943
1492118	726640
327870	659505
798318	307593
1376634	84982
3203214	507617
4610350	803558
695502	1011029
1275702	534317
1203362	802161
3459006	899163
4441334	323322
1143682	564127
2522622	478979
333346	456933
4009106	679046
100670	919460
3622274	435643
4481346	36670
419838	873302
2704822	796694
3616890	358221
640022	100397
3985618	441846
4777742	173851
3645434	293310
4491854	15457
2434706	279977
216038	881576
3175666	338745
2967742	730040
3183022	296266
2650118	919723
3921230	172485
1174502	933976
3689882	904165
4980550	93317
4332878	1008146
2506094	706886
874594	145825
4463298	369269
45262	196894
1238026	115488
2247266	972948
1418114	151794
4101742	159237
3367834	1005709
2822570	234583
2414118	632169
419894	711113
222342	551409
3078414	546448
5092182	230305
1188338	111357
1196798	174575,194157,758398
3018218	398231
3913962	386703
1109714	589083
2256302	347674,609876,840054
5064114	1007528
2647206	358143
2321430	264420
4891958	17432
1425826	929665
5056910	868796
3421766	128113
633770	636620
1044710	903366
2134602	433898
1437302	443564
2127694	870654
419986	216165
4186482	45310
4153834	110141
108146	956829
4583642	210212
64470	935119
1784326	312570
4697014	563363
2509322	178987
3682666	974911
626342	359276
317102	772496
4204818	660721
3270058	732258
785198	92334
3146670	456791
3538882	154683
2713746	260080
4633458	524030
1005654	482012
3103414	886879
2276498	453303
913666	917435
1507738	552890
1427458	648443
3478642	429969
1679854	905559
2139082	811245
82790	848445
1932878	646548
4169238	932713
1364078	88478
2667082	900185
1456230	777845
1218066	122028
2468078	522719
4671586	972740
2867610	680871
3736054	882046
4682850	926272
4631174	750826
4958974	356923
2443538	678836
183202	194709
2902938	973410
1082678	301341
4476010	955592
2811974	29123
340398	11093
1328262	719812
1526218	942486
4048086	260307
4775390	984120
4445002	135577
5052522	333216
3187702	118816
3435534	302228
1382074	679763,993659
866334	731013
2519058	249239,349065
2267738	913365
1036054	315572
419826	633613
4288382	268964
1209594	721209
4467906	302195
3040970	357440
223470	646859
3851550	906132
4517446	351297
4488018	569310
4383618	1015063
4734258	548498
1618218	178277
2882654	977634
3771402	11244
1914298	328623
309898	60977
1269058	767821
659442	362235
603050	105182
2898014	797174
4591890	852097
2409550	34963
154610	115869
633258	133726
3362170	950408
724590	1012032
4997902	304000
4968894	581309
1632606	722516
543994	151504
3453986	726209
1573022	65321
2534366	470222
2955050	718259
1285138	169415
2925034	526910
4795978	503166
881058	582651
4886942	762400
371178	622389
3058198	467210
651166	29229
3059542	201317,822104
3198750	68338
3787090	301145
5054374	798408
2888642	169338
291658	28429
4489434	319354
1195370	211432
2281374	32218,686544
4584714	232240
1793310	590815
1068358	99553
2199610	977835
4199070	381059
3443682	303897
2838850	176303
2596534	911106
1335942	424822
3409158	613495
2305154	385848
4321986	886147
4724502	541348
2021054	582500
2965310	616861
2518258	186122
792494	647410
2629674	121603
70574	842751
3447006	475295
188054	39764
61990	302609
2987254	557213
620658	596507
2195530	578869
1609466	150511
2680390	810504
5085514	114792
4410134	335512
1281342	371281
4166550	630212
670970	855917
2171598	717336
443330	842156
3938366	867561
550054	309616
4159678	597236
3699850	105387
2746150	421649
4088510	34827
2211902	579772
1317210	510510
3378062	220274
699026	942609
1187702	868068
3798378	218704
1414166	208095
381930	600327
1377410	303014
854642	704931
4174126	127554
1412214	183957
138302	912266
431498	798465
2933834	204618
2266306	503195
4172954	994333
3207566	943692
3975862	228811
1122546	8573,412703
3883434	965517
3312294	531249
5082982	250900
3322810	339293
2254026	227274
3205298	945124
4719914	921578
2544098	426329
4050274	62330
1550846	978005
2426346	626173
4587230	869681
5136894	32153
3573330	2650
857570	183042
4939114	294569
1720802	156574
349914	252273
2263630	46688
4061266	228791
4622270	728683
2185038	135828
2098266	707986
2631766	959162
168114	575662
5100954	94717
670398	897591
1383350	361438,478190
4739686	1005214
2549078	203692
2228154	221983
1939962	279246
4786638	343130
1138	592267
4732754	303123
193618	530540
1323174	758762
2797422	784208
2350858	697096
2640734	22277
3841206	434723
1269638	734152
3542534	774886
3656514	431580
2083142	441564
2866998	532900
3655402	405148
3404526	975068
4214354	442880
4723258	265648
1880438	476142
5017822	675401
2979334	931196
3605326	21331
2749262	417199
2584442	626121
136758	526580
3013118	540925
3401726	130206
4478202	791112
149090	932200
1125398	866033
3749074	180755
4691226	854685
3109410	26549
3864954	400288
3232474	249337
3398726	976827
1567614	274200
1248762	611082
679434	898047
3543470	221557
4604814	593581
1854830	656226
1721406	524100
4258478	409479
762610	854221
4765634	111489
1203242	1015628
5131866	830326
921910	217953
2729014	329015
633966	143966
357442	798893
2134598	63209
4990490	173947
2307114	121007
1654450	460728
2833074	201125
5000306	717118
4090702	868096
3154714	694154
3230066	877433
4521526	545634
1787150	686810
50082	808722
4551110	859846
1241234	21604
4053574	635608
3784034	666848
2876962	448390
5109118	970782
1880862	9552
5157966	78581
2028522	769678
3671890	46672
411194	205462
4328930	917909
1671390	312112
1471290	298198
5001786	984214
2825454	199293
3541746	498974,712325
764714	693545
4273626	968430
4936462	179954
1910706	122294,792747
2663946	830615
2738146	961159
1269878	1003108
3915278	401283
3197502	153617
2998994	200212
4828362	100709
252314	196640
4700434	780446
2272742	1007628
2329882	644865
2106622	363611
1680266	247615
266650	184046
4669870	232803
4105058	888726
4120598	586398
2092130	314144
4171562	377143
2243082	251794
4974842	133789
3299106	137690,557815
1685790	262324
1660550	804161
198522	229507
2991306	856042
206562	273287
3840558	758382
4756886	723821
3900086	663355
1407498	960697
2112302	212143
2220806	40325
366850	636343
4863718	721979
1788482	990244
1275970	1006613
1970858	541712
1501730	782988
3525410	157837
2768470	69311
295158	104918
4614886	910495
4321890	160148
4838246	150446
2349310	177211
2146130	96113
3524274	677601
1980334	238290
1657754	1013303
4295366	51167
3799022	562866
1839370	586324
3524938	397556
3557186	714785
776878	6997,330769
2024698	934796
1568410	590220
1716562	801912
1222102	720066
4994254	163861,745084
4595558	337619
637422	189299
4809054	708425
4130814	818108
3357970	892302
3093362	426372
1126794	31986
4817818	206389
3583354	206360
4672194	403593
2347362	932471
756578	1014009
3066222	234508
577398	135621
4332966	444090
2386978	973550
5015206	931634
756154	473928
1475002	79045
4073754	364369
987274	218214
3400174	956510
430750	1012423
2355354	439112
5118962	541640
233074	193510
213914	949554
4366498	484073
255206	886625
1712374	784136
240886	614644
829406	49455,953448
2903366	760321
947422	199748
3058430	351251
1801338	268896,756936
3163450	529785
5107830	915391
369774	98263
190894	832329
3846834	41365
4552818	471317
163378	387374
4969914	1000950
553214	263469
1053606	600786
680014	640033
3340130	463032
4545590	258060
1211738	997702
3717410	631666
1131286	476741
4492978	409973
4428638	804474
3804742	495196
2513910	393387
4673782	511161
2158290	369774
1424814	937325
3217342	381844
1030458	462175
1019002	244840
1939838	67721
2052558	50872
4070746	582084
4885218	724098
3268674	22279
2600206	385849
4600326	681622
4562154	430715
4059990	491535
2294546	18821
582930	680386
4819106	447324
5108114	165089
4942114	269972
2438086	991850
3374210	74990,531974
4621958	883670
4304802	1009764
911834	455394,628742
84162	613205
4533334	159044
3632978	663226
1027270	343880
2738626	602658
4200294	762650
2970954	872652
334422	788268
1929890	672987
2881710	723953
4022430	268616
2215082	313377
2535510	809893
1929050	729494
4225410	740250
4729118	982035
2025178	917643
1508334	184836
3539734	782708
3850194	780734
3625014	581763
1808446	398519
4543094	1011761
2711310	593329
2136962	843222
4362206	161151
3235154	169107
3856186	89304
4046966	592612
1694318	582027
4075842	620056
330410	149443
1162238	489583
1907638	355951
4945338	269029
1441558	397255
1561010	399591
2871118	1014754
933606	555862
4895610	710411
3965634	300169
3305194	450910
3512170	14896
3782202	941398
346570	129570
1196190	904724
3398986	525272
2990198	46974
1945286	157856
1164094	351602
4266954	584402
3803842	147319
3575754	584387
4818314	182146
4764750	634245
1878134	596292
4125754	407134
2742798	754806
2662030	666389
255186	325313
1021798	632041
2192262	676648
3301630	948017
1272506	1003363
2339314	473429
3762498	236323
4192338	942470
1852050	780891,932161
1141430	175572
4388494	300818
3029442	222663
230314	390434
324302	834637
1583022	477157
307898	704922
3972894	970549
3915414	396663
3674882	130927
88862	347026
4391998	622074
4643158	156064
2444318	528017
1668102	795732
4926878	496751,895504
4401058	18751
4959398	262072
1094290	152160
5026674	89598
793602	849661
3660614	428301
4301270	336104
410034	908525
911842	212809
3737278	288286
595106	501145
2745646	287686
2239962	178939
3199874	63939
3884778	606306
568126	89440
2113854	498450
3948338	350729
207994	346165,684659
3705458	322681
3128570	259502
4896358	729699
1272086	752421
1991842	390571
2486906	645548
169642	339532,625455
5119150	987378
141790	499637
510662	653006
2440894	306574
1279470	346861
709710	337132
2484262	282225
2621574	405994
4024742	657556
2940282	135301
3200894	597731
4636638	809541
4313570	701596
3360886	946033
5104446	972635
3324378	237328
558362	495658
4970474	332238
3638058	500087
3355574	718084
2096206	414878
3181310	230910
4490022	984056
4975814	909278
2339514	714677
4478	725499
2087574	121759
1789962	582907
53150	315395
2637262	379453
4536434	91440
3350918	31029,82351
116546	1014979
3157218	214408
4047886	440571
460918	346016
3988078	364150
3366450	161976
638378	223374
2780662	147796
2929806	162741
2101918	691849
4917458	921247
4364118	1006134
2342674	97523
2212974	392262
2861942	393998
37338	1009042
4672586	484060
3275026	574137
4937038	588902
3721486	175227
4875846	909576
4726962	995467
201342	467725
1238542	611759
3676438	688838
59894	258158
1561986	170336
3799362	973479
4172030	576499
1132418	375779
4940726	317363
1039234	880624
3250586	1015075
4764746	884165
695114	562012
3668874	250512
3661170	272520
2131794	79354
3310414	319087
3413134	851589
3574826	197352
4031478	391530
879270	706213
3550158	119022
3773358	311607
4574386	720822
992766	539575
1120910	89276
264134	127773
4718270	152721
1520382	143950
2159986	902246
883438	1003668
4389474	908520
1112178	352911
2819302	998766
4645394	921086
3465934	782760
2806478	213393
2067938	899361
1836342	782584
2805938	607663
730914	143616
5037314	679039
1909534	997143
2818406	975965
3368842	540489
157894	491487
1999958	381298
513698	583076
1183498	960366
493382	636135
5104398	461580
3895650	826470
1555694	844160
3596366	66196
4803170	303075
1580134	458442
2053930	259852
2356890	597737
3414202	274055
3018450	355987
4884886	54993
2013074	649509
1983786	731827
3130334	932047
1134862	672573
1677330	5659
2480146	797080
167578	865145
677866	665580
4664642	133145
1898390	630623
5083158	407649
2340834	900243
175094	181882
5054038	932228
3639798	348872
4078150	926558
3975742	13515
4070710	318696
1125770	3991
1525986	311665
4525506	556394
2708358	864199
2402114	201849
1121298	703044
4794446	71139,427033
38354	271367
3886298	612080
1273118	38870
1042202	730759
1212958	264955
1557318	75132
1791554	198948
583002	334616
5065454	58626
2111074	168377
3921934	707590
4981410	225548
3609326	242283
2533322	812267
3895062	965703
1674582	491660
5045806	12324,168501
1254378	493860
3744290	871369
253198	187335
4803502	229175
2814470	99837
2171422	934475
2533898	814263
661778	611513
340786	398457
3513990	301692
4147842	25358
4140898	290424
847074	149409
408834	455279
44526	686752
4069270	61441
1719778	556161
3132462	383753
4912326	474909
2412730	777243
3764110	944443
1314390	318941
1985098	533260
2292730	620632
2537734	204299,439704
2447866	233329
4082554	274636
1185686	538984
297126	265880
2394414	314053
300106	167218
5161750	953531
2508818	176636
680118	175421
1989686	637298
4430298	962939
4657862	178639
1276146	904016
1490642	355262
2629942	304340
2060766	276423
617842	541631
2717634	408017
3754486	790533
1757526	115660
716938	458107
3420806	898262
1158390	514194
3677266	1009711
2635618	433409
2941650	420698
3166170	724562
1449570	703738
3488746	474638
1603802	565249
658518	129428
1142386	609219
3953414	648280
3171142	672006
4350282	971264
1912834	743875
853254	513424
3366022	354359
2691022	800186
3976406	108488,227085
1301570	371382
3610182	116738
2407018	406803
3119486	349140
2292958	373245
2414506	87878
1987474	590925
264846	486458,684637
2657822	292288
4893530	965988
4808730	621006
3648038	208425
3551838	955212
3162378	524245
4084738	921389
1341806	668754
1563110	437839
248898	575755
2531802	850475
1607566	273618
1438634	344369
1651386	712413
225162	503161
4090910	703462
5050090	885808
3338182	476655
4784934	866615
2784482	324076
476134	122909
4583886	744588
3278690	658840
432810	549623
1499830	349890
4852598	316098
3525646	275873
603670	965806
3884066	298624
2322418	88867
5103198	585030
4330890	921130
474782	865566
4015290	427369
1438458	762590
3255754	169649
746002	695959
3100846	405260
176278	732494
2064150	537721
4753098	682507
3513998	156684
1500938	533999
2129386	286527
578810	925999
657438	55362
2815606	594656
1851310	302337
3882986	378495
1113026	60353
3885926	256493
1122762	933835
2862190	80718
2495758	381440
4760990	440388
3978998	230081
2263890	131431
4370146	626279
4073414	487483
3475118	653313
4230374	653825
610114	339132
1195062	597778
2591314	625983
594498	660420
4275658	292868
3061326	410956
3307638	209006,778760
3328614	453605
1377634	246862
554894	273080
1014126	687801
2468150	367990
3305262	205861
4299226	99585,647852
3155906	872546
494926	41478
3149538	207509
1612182	476259
5114954	782982
523498	194453
2453446	449671
1941086	769351
4846094	747001
3874706	666904
3277114	625669
3100742	164651
368790	631154
1444258	407432,488865
868430	314048
3552898	928477
2908766	471495
3831394	465502
1841594	403640
555094	294193
1892478	391498,728462
772754	117135
1731758	626916
1227514	870076
1974430	145747
377058	409115
4267906	324738
206826	441705
4557678	471109
1673106	770385
1361934	614235
4857750	22644
1174210	333569
3948946	219143
4216486	699412
1049262	971672
4772038	19010
3649650	661948
379938	15781
3006594	237014
3053082	432072
3661834	864780
633226	129341
582354	525554
2940250	339322
3309582	429672,895939
373190	752355
1603838	257812
2115770	18109
4280386	409730
152262	862797
2643434	286619
3355870	865230
627906	607380
2795838	309764,570846
4847258	679297
4691410	428456
3508454	790471
2221526	286760
2103570	137520
4578378	160708
4858314	426779
352970	891404
1132490	92246
3246422	495751
3147382	176221
3731218	360393
1212154	43599
3305846	37774
1577158	639971
2990354	78261
384158	239762
467046	1013305
5035002	500486
4859138	684455
847986	834931
2078014	318408
2127002	465475
2097986	313131
782486	887781
4009322	311191
1369230	307418
3886182	132384
85022	216720
122598	980501
2570418	46408
3798666	134216
4928466	827845
805774	194766
4230018	655849
1062554	779215
1382926	724561
2907514	220607
4591606	843660
2844158	478991
1981902	312094
4089470	453899
4819118	758511
5139402	181360
