3515033	171573
2112441	458854
4197733	911416
1357981	670768
3330337	115051,700837
1997297	582779
2084045	622068
477773	756045
11561	121991
4772709	112740
3781201	147692
987677	267326
1672721	1016293
2898777	928504
1783261	179378
2154381	1017242
4987957	81372
4321621	745534
2994897	63917
2783905	857968
347133	968619
1187173	78628
2199057	357904,697889
126589	415683
4374565	825911
371769	480589,849176
4099753	228196,466431
998009	248862
135981	976841
539641	977956
377725	839277
3071837	44123
4514629	996510
3470341	60614
675013	299104
3194061	898733
2648213	362835
383513	730728
3482669	115338
3588609	446875
1410597	646940
2514553	748394
5055741	9984
3991385	806175
2178717	371184
3866025	464097
947861	581100
1378597	818920
4843029	636234
3137929	191083
4235417	915937
1483685	569202
3503617	168185
1413773	527765
2885781	370868
1410485	911316
639577	628428
3362769	190683
2277845	190135
4786941	774543
4889229	977975
680673	903747
2367481	707630,909465
1711929	809117
5129717	831590
5017329	242117
2168945	250992
2716305	889841
531309	114748
4653833	757203
493489	747437
1804217	395485
3158697	537402
1413561	984152
390153	958783
2630057	613789
953589	990087
1261489	88979
4534793	405082
2138185	150065
1700961	53167
2558409	531714
3571933	7417
1300893	605687
774581	536655
4428069	807932
2847893	186257
2014037	647077,930199
4510069	174299
2380165	659283
490477	305867
3462753	155622
1546621	505812
1057349	265647
382797	321763
2808861	301126
3923281	827429
2701761	43233
317069	362263,645973,759169
2319017	654037
1919137	934175
3221997	324627
335593	567498
2308909	418640
2386125	496382
2971425	300130
1775689	560718
2606433	955194
4505421	790434
3693109	47105
1820817	16888
3594129	30995
1945593	393582,804168
837285	926649
1793613	876009
38789	13545
2378945	909501
3022025	187238
2810237	977232
592345	762687
3140217	95064
3523297	463716
4326477	163005
4713789	846409
2034313	187203
4955657	52551
2093545	119614
2665841	206137,230761
1541365	55562
2526241	116382
759405	457411
117841	201669
4153793	643515
1531001	950606
2545581	223813
2618009	228913
1692397	922242
122521	934028
3464829	4423
725401	538827
1251693	431494
5022629	379212
2208317	176364
4853493	407233
2143473	378232
1672885	203946
2819985	615265
4219801	183859
2837409	244280
4695597	364811
5100893	504753
487325	985195
2176177	217293
1660121	643040
101569	850509
2486629	876313
3850921	735845
436749	634975
2653829	798143
2398641	214982
1970945	177526
1496473	981305
1237209	163180
1834513	697596
2349573	674947
4628725	590641
4099885	619007
709897	924343
1958853	66000
4923849	697577
2993773	795675
29733	582532
2512397	442557
2427109	408575
3063877	459184
1022389	56660
5158093	991220
2863993	666288
3949405	771551
4637069	48604
894045	410744
387465	796096
1252689	388967
4859673	21150
4728509	546138
749805	344597
1252349	956831
78565	481492
4201561	417798
5016141	617760
3248989	203150
156717	301055
3853697	684830
510433	958817
90197	387512
364741	733921
986113	723802
5145493	47420
3282365	591300
1600045	782856
4954609	524803,721347,753073
4335293	437527
293245	123354
407713	38743
1841269	581266
2197465	303025
807073	70218
1270357	745832
2228157	499583
2308741	961543
4858701	201040
4844249	91512
3617909	839255
3882833	854742
4770677	634670
257841	185107
1054969	572138
2840825	286717
3032185	281427
2221313	615487
1808305	217018
2326413	540221
1059025	440029
3802473	449103
422037	345355
1613901	72608
37961	897365
1465265	950670
636517	328909
1721129	784850
3249805	266312
2888537	236845
1622449	186729
3700557	638117
2610385	832659
2576537	613189
3007009	498707
2314785	80133
609649	519198
3412269	454457
483505	44411
4158473	987500
518501	946935
3855789	218442
2072873	823233
420669	910563
921285	534234
387201	961057
3228185	172815
396409	986202
4622949	333830
2432281	626523
3671025	1005897
2795705	362636
350149	314305
2599129	311469
2777217	944268
4617309	328212
3750133	656957
3047529	335811
4991081	376680
160509	356163
1305697	286927
4344773	556268
1903149	971175
3349493	449770
4011857	959204
1330569	32925
2160837	460348
1855401	825155
3096533	955860
1074033	478211
1447589	175537
5084773	792526
3758965	443410
107405	105789
4151257	743282
3195913	372223
3500305	741472
1797813	551542
2815481	241459
1702853	947878
3028769	420718
706377	347337
1448001	908174
1683209	809359
37013	114882
1611273	769374
2104613	400310
4256949	146060
1581073	795321
1613049	910626
1422585	181613
296401	309852
139261	627405
3503181	65789
3576133	788991
475137	192330
801009	713822
4482005	979366
443621	10129
4960865	579502
902413	638828
2248405	393535
2491473	628291
457981	82584
5006577	381699
2937641	536998
1487509	410251
355589	151822
5076833	425772
2608205	266680
4271409	630327
4872109	668264
2677961	389591
2305273	84006
112973	956587
3950877	376683
4072321	154949
1533101	813403
4760849	706211
232161	769924
788629	486150
2307169	269152
699653	882185
3403345	470384
2520513	247612
2917745	143586
3031461	825101
1673841	744791
3159045	845425
5056413	754301
1326129	697494
4453465	1006587
616693	286742
2238209	951908
4315593	441227
2897553	760497
393921	471440
280245	86747
5051145	861431
4690493	349630
3685293	420052
4426749	306093
4731189	148619
584693	535943
1042273	435920
4832761	23736
314237	107974
88297	902464
2213549	421485
318593	342639
2688569	261022
3721865	422379
4814801	496621
2914997	544283
2615613	124832
5140937	394545
2438217	266497
2603529	945709
3654449	220419
4281693	117270
5047145	626713
4454761	309757
2886733	110003
2584433	110189
3734869	647827
1938609	355459
126317	472678
957217	321655
3243661	948483
3379609	186076
1574261	794498
2531901	719889
4143281	338511
5140357	541584
3379153	752054
2883857	40442
5061273	108230
2856805	944864
311241	559518
1312197	148031
3666701	350424
3483705	903374
5074329	917535
835841	720554
1635161	790507
2339633	1012312
4589073	607277
2067509	543827
253633	743999
2158265	628952
3840397	124434
3430617	304665
2835585	230405
4551433	788635
752953	956931
1759977	43093
2198901	132049
2872409	141418
4836461	663940
1325405	439304
1349917	357840
86065	828367
2732505	901204
165569	965846
2928873	616495
4580285	1006516
3582893	310900
2939345	283324
3899581	146290,984904
1640333	545175
4994649	361247
1449793	970957
4168569	663404
3109641	833989,964304
4714261	669686,706866
151841	1001334
3079677	677553
306069	872639
2819037	34858
1375489	838731
3784389	215027
4187325	459890
838045	330939
1609705	614562
3126453	494198
3233457	983869
3333781	295342
3312521	661827
4891981	445178
5064129	674645
3774953	828374
946473	352102
980149	827757
533297	799052
2677885	852728
3887441	884746
2510201	227453
4486433	65920
3825533	534409
5063273	1001339
5018137	416328
1636453	189994
4683065	647859
110985	986435
2459513	54273,596373
3394217	564102
4453581	625684
4091373	45368
3444733	460500
936645	607701,943381
555185	325284
1199469	245628
3395909	915037
3459933	741130
1903333	204756
3305705	240712
4678413	423015
668541	482013
1442849	860135
5012769	334584
3485441	1004701
1190401	488942
2868889	717346
145145	438973
907841	650113
3307309	94932
1840957	188977
1106921	922045
4866573	311919,318317
3078777	52120
2759949	225512
1395521	602031
2578741	831583
3538121	639936
582125	308083
4810373	832916
4580893	942501
4184649	387654
2643625	418891
4211473	312844
3491609	466835
2793845	26009
356493	467847
2835789	33935
4907641	700604
3950597	1016357
4448113	320569
1518621	170289
4158057	198103
577109	190802
1010385	955994
4738113	831854
3514245	958780
4335541	796714
2935409	491928
4328785	291367
3794565	444337
2333257	962850
4444281	494439
2684269	565917
2004737	548909
2126289	134291
3986305	583046
1944257	624290
2539925	431259
3234573	529997
2888577	259879
3352833	27392
2757581	951691
4098301	102381
5085301	588741
1471673	137365
1121049	127724
2051985	197127
1303809	385968,471392
4334797	117403
4663989	639883
2325081	587057
2409725	605915
2790729	690327
4320605	984621
742409	364571
984333	354083
480029	129619
2186713	1010150
295289	299324
2909209	246253
876465	443384
1422705	820197
730517	130011
450737	710246
2056605	245574
687281	870184
4363721	567407
5040361	590662
1308553	937717
2863013	458599
2581037	189123
1449269	810728
3209181	62228
2235057	882564
5155573	524789,619736
2019701	952954
2049749	125162
110601	837453
1197653	541693
373357	537375
3438217	77108
3085361	45884,740810
1934165	595295
3396557	1000168
4869525	196709
1319629	549998
2672553	766599
830457	601201
3396257	69440
1080797	603175
2634097	450575
920337	768623
1403409	686810
3535005	560197
3729741	104266
1636965	555864
1968425	605416
1903801	846247
4234921	674936
463005	553687
202065	820147
2225861	81880
4051121	457357
2339149	947432
803453	306374
3655593	633512
2456173	314205
1004961	77255
3879041	787248
5156001	955472
2708797	998096
864101	335095
2016261	116101
4809257	146782
4844605	126398
1639133	262840,335519,846909
4988981	786225
3823109	53199
2487905	386358
2669453	160063
3120937	645477
3957581	417499
88285	398943
1158497	687141
3857441	106222
1951985	338989
4595537	80580
4949805	235280
590057	3455
1563141	903887
1339413	243051
4423537	325953
881245	937405
2525161	516775
1298585	473961
266305	55814
4165597	540410
694221	191671
4554941	372907
4660829	266558
3352089	650777
2857957	416068
3499937	651876
2190113	914362
1709773	723851
4106129	661304
2076413	314630
4387033	225983
2684277	982207
3545141	119536
4881521	548869
901361	236944
1297365	733689
4302889	371493
2812229	137360
3460145	247657
5006489	341482
997665	797377
4022949	990102
4456069	905687
1914533	30587
1259045	866890
783365	480407
2244593	492387
5149761	316677
1155797	808329
4627529	113939
137637	165668
2029425	679134
2157637	298814
4954725	79984
3780945	111263
3675665	384824
3906181	807833
559897	762917
4367377	82311
2970009	295098
3681073	269195
395821	947651
3557253	536100
639273	698796
3623957	427235
23341	227746
3710001	811423
409873	593570
1073925	1004699
3838321	790771
1117157	930837
1720105	117598
9825	384146
4835057	360726
3812473	175553
636065	260558
600209	802847
1279973	879030
2315105	996699
4281005	652535
745989	263637
2667849	805647
4495745	144148
991837	488450
708881	732514
2894757	421503
5133245	533608
3138885	285799
3823081	772775
2425349	206130
2005753	277726
12157	792566
1835125	345457
379409	489332
3685477	847448
4587881	381984
1060013	384684
3003777	762701
1962777	835379
2254573	393301
4892801	930663
2787893	686513
5128613	992517
705081	178893
2862901	348228
983241	245100
186901	298234
4347449	975665
3460337	81183
2568849	878578
841713	267147
3169413	243450
3290953	308420
89245	985050
2366341	938366
218401	142821
143893	689857
4590013	725090
1883901	672527,727889
3242341	52522
3200093	452954
106649	728623
468869	728987
2461389	136437
5135509	577051
572369	89582
3609901	263158
288589	498694
1092749	751011
3787441	852628
1203861	907761
3275009	769229
3393689	546914
4125701	526228
5120201	504430
5049777	751761
1005905	52287
956217	680108
3987529	971564
3716477	651383
4942361	625446
2661469	256569
3633169	318290
78905	304135
3444789	670730
3478093	613475
3936105	487909
2036985	493671
3497525	48459
4037585	605495
2482969	386677
1672593	160117
1475973	519627
3431853	733707
4790081	95766
4773549	528476
577165	310188
4652569	402893
4254173	677972
2677197	154718
468297	96155
1889413	306899
4535021	269101
1731445	132563
1413637	384858
73485	430429
2459293	400982
3967905	613561
4202889	878005
2692125	501027
2022073	582567
376153	540292
1324521	542630
371253	366411
181205	128620
179881	309939
2959253	18223
1077381	661503
2247265	365446
1057841	479040
820365	587706
3577305	330564
2555169	579907
3666769	342071
123409	60870
3288997	86178
3869529	703148
4099861	707984
4364045	836049
4376573	175043
3529689	864694
4061205	870442
2043009	20312
3150701	225701
1311233	51212
4155917	224243
956777	663962,828164
2894705	525621
1337073	726465
3083565	822408
2315637	347873
3821357	203778
3701485	191962
3001157	27425
2682033	100509
4521265	125859
4513425	228041
5079973	789241
1552725	655719
136889	21335
1588869	425982
1406953	176774
1227277	61283
1696781	248838
95909	617470
3462233	699634
1954193	421200
1580909	60087,837589
3958877	561056
3247937	539173
4305673	550945
4283045	89759
4140821	419146
5006205	201515
3544989	174209
1805925	673329
4349053	255315
4362085	758838
3726753	34324
1925889	435372
1606281	315131
3067617	521942
2246617	577323
99657	974096
308289	655308
782413	168359
2213953	965116
955773	738088
3331037	586140
329909	517475
837733	586721
849013	357175
2104165	989298
525277	306556
1149333	95079
1311361	757917
444813	122436
2623373	501205
2842053	632728
2824209	195266
274113	372142
976721	127752
2569693	490946
1359681	928238
1074025	7694
4786685	348770
2471481	187335
532809	171054
3778573	559500
61185	473726
4870761	151859
4730717	81592
2145569	429029
916941	314940
4203581	722886
3058889	125487
1398861	580825
861093	215759
1741645	648052
4798705	974752
2311841	119837
1237577	152585
2077833	793753
4068241	584817
4059337	862544
4516161	381252
2836145	307400
2976365	918180
3600173	96219,687221
3407173	913750
2149385	578728
2314045	911163
319993	963307
1117173	989681
2236445	875748
4568993	563039
3859489	376683
1586417	80162
1358913	879178
22065	45877
4033329	711740
567109	564124
4532749	759587
5070237	700515
4497417	920003
3701173	800731
3778205	862270
4232173	489605
2294377	356854
3647193	136894
4300641	110812
2652837	38363,353531
5148473	175683
958733	962337
2938333	465821
4682201	566546
3694173	214029
1104173	109548
674193	100893,655655
705085	934049
797033	126606
986313	609787
497221	797705
3096177	531659
1415809	100044
2708225	595961
5117921	887783
1654133	616909
3100805	589298
3399229	471792
899573	201082
350677	185540
3477881	1010816
2039261	471562
403677	604339
2404845	479506
2798013	313723
4051293	587968
2605613	1003175
4375253	1002047
3100501	1005399
468841	850555
1571129	109497
4742037	877347
3168717	386091
4531065	864500
82113	448793
2958197	84461
2113845	455359
4800889	786113
3962209	104180
4658205	67494
3725721	640647
3905501	866286
5021073	532432
3788865	98426
916885	488194
1185853	19156
4995349	771790
810425	395102
3780669	514123
3493181	177447
3523181	113974
4083373	174558
1325189	604738
70897	830972
3231369	41700
3768069	154970
4973485	222154
3894249	486585
3294529	740533
2268117	468375
1211285	477728
1679693	346680
4364141	411195
1994613	464988
2460149	435319
3918101	24040
3341985	394463
2107561	173290
3183873	492855
2296377	255010
3772397	788635
368177	418010
1957709	359757
2296705	292390
2597397	628117
1106001	747000
2341277	449672
4171621	963441
382141	554082
4831493	207774
91869	41453
1342769	737046
2314661	156693
494585	91818
4505717	955194
210205	365770
965393	148022
4274573	11955,193131
4347645	869081
1448557	733194
819453	1011723
1055449	380945
4334989	879345
1776385	634092
4747893	667726
4289765	612040
4217689	530218
2554797	259088
3450493	293009
3571021	907619
4375513	286914
155377	385645
2936993	502123
234293	453493
4404449	385258
1805241	627288
4255849	1015475
2134681	267833
4800161	158973
2053521	232069
2092685	513180,921985
390697	503064
4210957	785656
2406473	64390
3551133	979795
4510249	70541
1499157	369269
4040069	1009403
2563801	620769
2887473	855468
4326013	42213
939641	674026
4636513	124663
4185477	168765
1532457	901229
2351085	911979
4829193	931327
1787465	709632
3223437	621827
1795649	7294
95089	969406
1191753	89655
2342589	732575
180437	46322
4946105	852221
317649	590305
2712257	187686
2499853	393405
4593581	321110
3529257	338599
2474985	85628,371187
1172125	355000
4500201	298953
751709	313119
2901145	396030
225341	224355
1881433	446550
369537	116326
4995117	1006250
4843445	571155
3991945	160293
878781	311070
899313	604723
2558949	812047
4510349	939878
1139177	444238
4135337	533117
931365	300690
3797665	268537
1952529	488674
2490237	996297
4533729	950777
1822189	900949
1136945	473333
189241	174124
284641	376015
5114809	86290
790217	429392
799105	595368
2231549	928477
4296005	25728
1984229	292479
199757	111560
4421757	796823
3473913	824264
2073789	644968
2974129	535690
1591401	405222
3789325	280214
2678517	218151
110813	402048
1717573	438072,909084
4207897	1007429
1700305	631302
2278017	19924
5036221	257870
4678401	521084
4212197	293349
3328885	414708
1605917	360141
5161341	273632
191709	160067,875459
693373	668995
5112065	820348
2343125	218407
3644401	630590
4374001	337821
399913	258923,857851
3255457	982802
4784229	852194
1169601	810292
2114925	859871
5039609	209456
31189	693603
4045237	134689
3263085	262141
4108285	848408
286813	323478
3087657	763331
3018581	194566
27449	15387
4455393	109017
1853289	35281
3990741	287263
3440065	537405
4531101	439874
1013869	785536
4704465	434392
3487713	431777
864217	44106
967081	411813
1787821	82496
5112261	722900
2443509	667112
3267209	588950
3755753	550001
3975785	352213
1545949	130383
5021909	479845
1535661	123040
503509	145835
3849409	374069
3457869	274789
2895345	348650
1000993	419602
1521585	454346
2332261	17640,772542
1670645	915397
3591221	754828
2625733	162936
2920429	21866
2110301	855501
4287557	349698
4990609	882039
5134469	392080
903821	908383
1994041	641442
4145181	88180
1103269	995254
1064185	815195
4417069	776993
3655797	419890
3831593	847643
3758681	708720
4961929	328265
2794685	262102
3183557	549229
1201865	991306
3608481	1016484
543841	862271
2482561	409286
4850509	148630
2847029	693102
464065	765244
125465	654346
4598973	714716
272833	327914
1136613	279014
2286893	197095,727898
2375077	676651
1297093	612353
3613745	355223
988725	826701
898009	29893
4671329	361488
716685	826691
455805	858369
1082769	702091
2236337	579955
4229021	847983
3722265	180183
823025	143639
3412713	994375
2287481	507487
1323657	428583
4847929	155746
3943037	420494
2356253	7721
2510925	716610
1794001	734728
2856505	444614
3500981	500919
2462717	301357
717701	67062
4386093	67376
2084049	716396
335401	904462
2961565	753570
322281	994794
2391245	164325
3049357	758092
1509749	304585
3875597	432339
3606241	583376
4379925	910605
1320033	535983
2514857	476433
678425	728018
2694593	272252
3818969	825106
3120025	254676
2647309	472782
4388897	190192,949683
4059037	1002041
709949	365678
647869	590414
4291385	859108
1296573	447258
2463117	882825
3844053	844617
3473885	201178
4845389	372635,570980
5096685	932366
436925	999224
3333397	401203
2085661	15103
2979069	465037
2297669	518848
529045	65496
1885677	793729
1105161	168243
2737921	228234
893789	835146
5107113	783330
2351681	925784
239617	186388
2252509	355129
1610045	604128
2118289	863280
3079009	1005022
3307965	847664
3511889	171427
1957425	482933
239061	584092
820829	453621
4288941	523765
3460113	974302
553109	680811
2914877	119895,924535
263437	756377
1808329	83482
3367369	134767
406513	682773
1016869	949638
190245	515363
1276697	323672
5051449	28876
1016709	590835
4511297	257961
773917	907607
3519057	70085
2851397	767529
420321	166822
2918389	933240
472917	786136
709977	787533
4096721	124152
31921	680387
1417441	793559
3114069	44335,590706,994125
4299157	232760
340645	512670
4137885	91797
4637129	524625
4281981	627209
427929	94863
3030617	438866
1284765	201564,806402
1555737	963365
3092217	411888
3728949	521319
2015561	733007
4009873	911030
2903285	267635
3916125	149022
1351265	919621
169453	480772
754545	559580
2687129	100077
3716881	498847
2912085	444442
1723397	872534
4733497	870637
3406697	630465
3294841	288024
1439953	144906
1960493	542738
1882001	1012657
2301889	617531
164833	50782
4223053	873247
14053	243972
526341	653928
683921	256929
78977	326870
4251565	953675
229185	221969
3305573	569118
529333	259737
3928905	447735
1584777	129336
4117865	36289
4614081	283951
414581	898410
3496849	1007139
1934945	628648
465433	954001
3242677	1012495
3531093	113297
2771349	38480
1807037	632756
1883005	67822
919453	60316
4218657	712304
3239653	286550,465137
4969365	52491
3146713	859840
1714549	666611
4215869	858076
119873	367204
4294345	906757
37321	62659
4368285	535724
4030001	103777,222045
3606689	349241
4155505	371997
1998341	128436
4987185	691411
2702141	173640
1110409	697135
4904169	581392
334369	890064
72753	851918
1146425	526343
3984349	762276
4686509	218606,968547
582901	800551
3967317	706178
1907145	835492
2379777	859147
3572273	245809
1836685	200967
1245009	721543
863149	573186
1098813	130507
3130881	98139
4707129	729889
220221	311163
1409817	258800
143829	724258
4333209	179522
3079445	741934
2723265	717276
2570861	524725
4893937	727383
3665273	762994
3420657	286088
2009309	762967
1871369	431460
3363753	619826
4940337	851289
590413	650444
3746293	597027
2352605	644491
1622885	916840
2127481	434467
4250401	715229
4744265	893914
1867357	218048
3403629	799612
18065	11704,113431
25617	78246
3702061	511839
1577357	833178
2946269	289936
2249449	464946
130545	314191
1492673	989308
4752657	953948
1345009	13260
3543589	18563
2700409	766093
1840725	160314
324953	175093
1124197	425119
3178765	931941
4763785	506336
3249073	421107
2337257	99268
1157605	739097
1745409	619054,884597
4061173	911969
3233033	434486,944125
3361129	814562
1527449	161094
4396961	991167
2998861	722627
248457	119801
1274053	1004089
158929	560939
1899753	625994
4861889	166402
4519765	249382
1586489	895045
72977	152705
3486529	13172
3024173	228201
5054597	545440
1602185	185194
3705741	576810
1699197	137241
561713	974569
4126537	611938
3577605	736498
3685189	751789
202505	695130
746061	864272
654637	908281
4391261	429942
766725	308887
4830109	949099
2386209	86786
3777397	780061
2484177	120400
3880009	108927
1626409	454616
2143413	311146
43253	574402,782012
3004381	47408
4548645	528695
3574445	946682
3140621	925266
1200725	146780,174248
4015961	302638
3416049	494323
3797829	655892
4013529	688153
3278093	54886
1314345	474241
2362265	27824
2338453	1011791
726505	220052,970244
4217461	632447
1374937	854928
5026569	20134
50917	360165
1167537	575185
227777	151530
1935857	409226
4395261	794325
4217337	992197
1153741	969018
4095581	585096
1726913	504452
3568593	584202
4822485	209322
3850265	971095
3165557	787253
2446905	109698
4401533	731940
4549197	759851
2961645	936132
1869229	961233
1705365	461721
4988357	410889
1039413	1001802
2309077	352380
3899533	671184
1819969	337305
811249	231137
4113233	603420
4752029	970318
929041	621441
2004561	511461
3769445	326979,954879
4173857	198371
5002353	467754
1386449	988892
723817	773417
2413113	734485
3762289	557114
1023553	118446
1674337	153828
1747077	703241
926825	788541
3488325	936077
2054705	519783
3790245	210309
285737	639969
234173	680101
4781225	917333
895537	292597
170057	310528
2889153	46062,632944
2618781	649358
3561641	869601
2482317	282038
48125	353894
2485357	763899
3841605	935164
1194873	23447
2930777	51786
2186401	909379
3876225	234276
3169541	227940
1783449	846732
685661	255456
2786301	66963
2856181	616664
3053305	442824
4252709	468966
3147349	599554
3144361	795589
209825	166928
3384545	385156
754417	61905
319541	989854
1049565	318615
4616677	866206
4102893	407711
4491953	628942
717601	882219
740989	99628
766125	175319
3506577	621061
952185	183404
3328397	654216
3218177	669455
4597789	429989
3739765	245683
2110493	310217
1406873	833408
256065	325191
617225	361646
2615889	363005
2709733	923963
195753	176630
551961	211746
4984289	911026
3172033	624840
2429325	214527
2647897	580314
64941	956632
139453	76336
4779825	931295
362605	937374
2310233	543904
2565165	673442
5071201	982762
3046609	503027
3461609	886423
3493541	219396
4511073	817141
601541	673682
4853221	180176
3655053	471700
3998957	183835,264624
5122009	69649
1285525	210150
1507809	739811
325121	711093
2082965	407877
3183581	744976
2453685	124181
4223037	980764
2322877	423023
3647397	940771
4736317	829395
5111041	95118
3912437	487093
2578389	615397
3936993	956480
692237	563529
1184689	717409
307761	865901
3762441	784491
2761193	652202
1423841	516121
1428973	327485
1495313	88904
4069153	377289
1186825	18429
4802813	201292
291849	978953
295057	718769
4776493	708526
3632649	201739
4284073	687082
1550733	844571
3938993	38380,1008842
3224589	632766
2332633	952563
2745881	803153
2909669	381833
1784181	895810
3748665	367764
1705857	621112
5018229	884421
1252277	798631
3054677	490328
3932397	487137
4615685	170917
4312133	793614
1941353	293137
3151761	974711
3220545	221866
5123869	726890
1139645	149055
1956973	115889
4007977	578963
3279065	647117
1909757	918563
1470777	888941
4035733	368770,389200
1050941	942960
3345901	545455
4230049	206030
3700213	890393
3304941	691911
3926101	734299
586545	587479
837229	728925
2022269	513599
1560129	861264
761113	860986
4843349	844514
99773	190880
2610221	72733
271205	445763
553281	949554
2444037	675701
710429	669119
4469829	963279
557117	870775
1010229	107847
1648449	200700
3624745	529439
1200693	886161
1377013	254568
692101	1015326
988841	228608
3938041	847622
4620957	1002137
2896761	326129
2980349	231851
4806337	786357
2202157	519745
2090325	1011577
222909	422040
2853105	72459
1083537	938954
3374605	85906
3943969	431263
3095217	880818
4267089	304182
153433	65321
3665269	578248
1900509	390509
411137	442013
2109401	972900
334129	153701
696197	238991
4219545	862785
219857	680002
3785181	1007595
1819353	135369,729023
1803377	263372,688082
2718105	649778
4485897	286374
3591405	159533
3376453	693740
4544013	374268
3596645	82101
3264805	748046
1112109	771439
2185909	222804
2915941	23874
4914017	721536
2133121	845538
4879925	684880
1124937	701899
1668773	511050
968533	711814
2414709	934976
3727565	640916
1331305	1010533
763897	925078
1249845	570157
4780989	75502
745201	491248
2767001	128209
3417761	615785
569745	475111
1643393	133784
3550989	350205
4898965	1006742
4815277	148508,164937
1711489	587247
668349	736911
1689393	658817
2487553	537024
3002325	599761
1343957	213736
2742029	720675,900089
4189417	550074,832817,907396
4270661	443066
242397	422812
3814173	267955
2500325	682203
5041577	329897
1500449	461966
3756897	402672
2942949	36309
3045341	910154
2831433	661275
3338449	641742
1962693	360411
4519801	369264
4140041	650404
3255813	724258
2730285	534982
2628445	90649
1569965	989705
4381701	804260
2510865	444555
2885233	963853
4863117	739879
2107705	253889
4104109	178236
1557877	934673
3081133	729260
959629	754024
2571877	684279
3911761	373641
2636297	595556
3677109	844494
788877	602871
979729	409777
1777101	75224
2103289	214638
4513593	938148
3478357	102665
2938117	645151
3668977	838454
4755365	414925,965786
4505689	592504
3550677	155426
4035805	834841
3165193	333604
364433	401283,449507
4865637	844879
731465	655141
919113	178999
4325217	213774
4456317	499469
3844581	405037
1435777	110588
1523553	942166
5142321	37304
1054061	514866
1065349	318848
3512345	605312
3918209	694386
3272329	276331
4245253	53291
1077973	46008,654118
3189201	981326
5114473	613909
2247549	223726
3091633	23989
4572617	213833
2715613	536027
4080933	143637
230577	13838
2632601	179655
1761085	905149
4801221	988672
1746613	676645
3037417	208252
853973	480308
2972513	786247
2168137	264743
1675021	819949
280793	457351
2942365	360002
306153	450567
4965009	726215
180945	607801
519501	286754
4529033	867126
1823649	736011
2325097	841532
3826065	47619
4810813	439564
4294229	533873
3737093	393206
4361277	986192
117653	653536
4087901	448848
1789637	423495
1761093	333775
1912873	161831,564024
986329	443973
4835301	459913
4552601	894159
3888601	667276
1913065	999499
1248649	337283,613237,727838
711461	730604
675709	59402
2064761	726512
4931229	733921
4794045	57635
685733	793116
3647453	375274
575633	172586,769108
4904585	979202
1411101	469435
3645229	682120
3344321	475625
2751089	740789
2770945	589910
3263741	515453
5158629	476781
833657	935147
1615329	790220
3523453	31910
3632741	500554
3263913	273958
3766033	807953
3970877	355010
1431685	603374
4997497	854290
4998965	407057
3310369	32212
3347345	657510
986805	816724
4880093	497231
3930749	229750
623673	353701
3346977	352786
4564333	658226
1963129	460001
3232025	608867
3116869	440520
5161901	371650
3746417	66617
1324869	631950
1706409	129288
4922021	756212
671017	762616
2240425	665044
1274101	281332
1758501	631989
2591965	779346
2671601	511944
2917133	966185
210189	733866
1729585	375444
621417	971419
1506117	611226
4568853	62965
2567305	614692
4407617	544464
1320301	207768
4716797	436320
1421365	73200
3745017	332741
3049033	443637
4431497	784985
3995449	373935
3990057	426602
4806453	237665
3542877	729590
389953	98868
2826945	651512
2390413	507140
4633869	661072
892737	342784
4329073	405134
3599005	386321
2726245	482165
4603965	567222
3229981	347015
156113	310879
4568153	609389
5023773	935178
2204817	550264
3474225	517811
3934813	10625
4883169	942618
4616313	73540
1217613	756466
2156285	240738
866909	80450
2353009	516675
2211469	858766
2119249	152680
2182985	106159
40757	696174
1099373	486039
837989	1015497
1119881	560374
4981305	636771
3523697	888447
1069117	338488
3588569	918623
176029	182104
1424865	888363
2968073	471311
3213213	231467
2950557	766274
2305541	639242
462405	958100
4147181	398685
4386113	789280
1946545	113997
199229	110095
3552457	314264
4705793	118581
4045361	491051
3711813	233045
1620217	672129
2581597	743889
2157985	842693
4446405	883125
4986501	295822
1857049	405261
2287073	770315
5050101	403335
709921	616347
2401345	139752
697817	745184
4437189	563090
4001461	919624
614553	422066
3639321	700745
736221	407313
446633	269441
2861949	524034
345557	327834
1922637	197685
170581	880249
4980601	540692
4968049	740718
3690305	852898
4027617	614692
154525	102264
177449	26717
2319033	802241
4936317	536458
1744457	577350
3385037	749306
628053	216757
3779125	223980,679600
1066897	719367
72921	570189
211553	221572
407777	210020
2900353	7763
4491401	523427
4360325	487478
118525	107283
716569	915705
2809893	442736
3767661	207245
4375749	47212
1137493	734137
3901789	726903
4071421	928486
3840589	560812
1055441	216249
2462037	390182
892569	380600
4298073	972167
3074229	572740
406049	590104
2470521	696668
3627345	834661
4396181	1017007
1762873	269383
3508705	182654
849305	503318
3036333	602971
1496741	879051
4898245	51484
1955957	313805
58881	225261
2303637	352429
685513	139477
1459665	387802
934229	428686
923221	192961
1223985	224795
430137	730056
454841	615931
1131325	385506
5026721	567998
4078693	283039
4357933	910622
791353	613630
810653	1015614
4920173	632594
1798769	646646
4970845	301644
4685261	309965
3739117	263703
4644265	679138
3665325	640246
116033	896857
1716525	382483
3924233	446951
53601	680030
3730149	377145
1832493	801650
2131425	991036
3273509	92045
761625	668496
4032149	376516
3574241	907647
1276397	342559
2367317	464164
190197	235535
2859421	613187
3853485	508823
161645	679811
687905	955239
3755965	349649
4681909	418961
1265037	382064
4337209	225330
4926493	660436
1813965	415676
4495089	777498
523697	895401
2428637	213979
2084141	434089
4880369	740717
1436405	596131
1966205	267811
2176125	543509
1293865	873940
2267141	92825
4439765	381306
4008717	398910
3330905	808127
1227081	269800
5124749	634642
4054657	937319
4920109	121487
2839141	929180
4086525	62083
5100629	587576
454809	487188
4351369	602892
2362481	80822
2006497	924738
2311745	643769
3359913	146405,909825
1666581	329147
1610253	9629
1096585	793616
4082917	258659
80257	490529
1095113	376841,769433
3113229	114233
3117069	371389
2501889	325899
3008193	640501
3397177	868882
1496237	732940
1796665	863210
1356453	463693
3733825	1010266
441625	959359
3967249	188746
2822901	526750
811637	393816
3095445	562221,1000479
2458033	233036
4342737	858349
362901	83488
258857	375733
2121525	980305
25197	364256
1853873	837369
3272857	915575
2682085	432962
600081	491634
2213121	347456
1504485	885352
2951509	208089
3819529	974775
117401	698267
2843949	746305
15709	470390
3136505	807855
4565693	895811
4239069	1010019
1718885	489325
383069	886001
3371321	677954
1320973	745833,926618
4173465	584527
2138241	999616
1574265	563598
894357	488672
1134557	235970
1391381	501409
3571269	851700
1910309	602487
4746133	291554
3296797	798518
4628601	726675
1767009	307655
2661113	145895
4381325	650317
2568049	687262
5089849	404901
4259829	275503
2454733	609583
723561	987271
1659397	934148
1303341	665875
1723753	549056
3579977	133152
4514913	301423
3724745	475144
180705	905299
4225181	534230
4873921	739476
1327273	306803
938001	522658
3257205	931252
3824997	96258
1868041	232087,745297
448369	982750
1625489	314285,792766
129573	179105
1965633	275860
1714509	303687
2958529	438577
3176809	797760
3767433	482883
3481245	4714
3297745	456473
1245621	470109
230489	783074
1485201	351209
1295289	94590
2976565	593786
3682141	870080
673609	854133
2636365	934909
75937	325353
3278825	314383
1608613	232024
2471753	799326
2779601	1017601
4147001	611482
907477	770671
4316833	797537
2576225	999910
2412649	132542
2725653	21389
1519857	627314
2306389	675975
188545	462756
1808317	556696
269757	104110
4142929	951657
4888341	686810
2474929	338746
181761	867632
3441725	191849
420133	559305
1419997	479377
2883785	337041
853905	917554
126769	670974
3130789	232036
275817	77645
1061869	417389
1793165	942775
4329365	307342
4378733	656659
4637845	605055
288901	718357
138277	55930
2599261	629007
3869801	484856
1709249	649527
4900101	711953
3206313	438508
5102373	7366
2009441	209529
2221045	801596
4465193	543356
656693	899530
4174985	877959
3453765	604770
2978125	136868
4854637	454423
3759953	376714
2926817	684056
204289	49514
876993	630164
1775609	689927
4660805	159671
5046545	626914
1875473	787375
714797	990791
2680513	348268
3621897	435453
458181	37355
2622749	797172
4336297	149420
5111045	18234
3711309	90722,509547
1959549	494173
1494977	32618
4870681	802312
5051417	313119
173137	532029
1385157	687326
872757	897514
2166373	574734
1116221	632925
1571601	427003
1954541	501565
4111229	441342
318161	413583
2773293	867813
5117641	385874
4867301	185174
1435397	749294
2529129	726352
4021197	229652
1747425	386821
4944389	356496
1735649	763132
3453189	223491
426333	297731
3880801	169050
2116749	366263
3880525	357192
743241	307521
5142205	818321
397117	522772
508457	596713
4919929	268085
3050725	677419
3328301	263752
1378389	695067
1800625	573560
3005953	628150
4907977	253282
2468901	336104
4263021	611756
3582105	227304
4781057	393076
1090721	286919
2456541	684050
3091453	617489
2517177	935757
844157	404352,738677
2884597	357738
4967625	745290
2267309	586412
655501	527655
4665981	587695
2641177	303477
2319081	800082
2248101	361813
4083225	714705
4564681	10450
2409049	892874
362549	448594
2136525	793113
1762085	794123
1872785	208843
736477	42012
4390181	530323
937137	421926
3451593	695762
4287929	889871
245457	771461
4102133	586148
1624701	875420
4569085	167813
3998985	331207
1002805	368795
469421	981956
970425	558315
2555913	434451
386265	515857
2077361	301458,938294
679805	896857
3880649	967262
2063153	710333
1623705	90032
1154789	217609,402900,531963
1883309	944220
1251749	903650
4900613	152657
2474309	354267
3829285	766596
1536361	196256
5050025	130166
3271813	165381
4745653	220134
3818313	172821
1903941	557347
110365	953872
2639245	42854
2845377	305661
2951893	213710
3991433	889467
3691417	343314
347141	494267
3752653	490965
5046497	22463
5150285	895675
3364525	257077,666068
1841421	190022
2902853	114099
5135625	8036
268301	753052
2956033	427585
2009293	29645
4729637	272094
2813757	948197
3562749	240705
4229881	521987
3269369	582189
1689621	249231
2981761	126624
1120109	168670
4109349	332174
950081	259376
237529	724796
2477457	380089
233905	568547
4996589	918343
775141	873287
1604013	46538
310737	330816
4782605	643528
4761481	923670
1311101	508308
5097245	484033
3519845	922333
2212817	657876
3233653	238544,782486
65385	371389
2643161	325308
4848245	591034
4160161	183210
1728241	77845,759019
531937	708931
2548905	736830
1224245	236526
2750169	31958
4666933	291063
3586853	1003255
823645	314767
2204577	487942,816411
2640957	409479
1379789	266585
3284905	897295
4472761	781102,1013225
3294381	807039,959109
3425881	613625
3892937	725031
4504273	518618
3213945	154406
1103893	467554
1433689	524922
2484493	505578
706061	190215,637565
1439805	306808
3009201	946705
3437717	246833
81573	996510
4799921	654480
2819281	805999
2883321	377660
3181665	45762
4485645	370614
1139629	713383
1767761	543886
1123453	853988
4827121	485647
1931733	309014
469241	165735
31561	153566
4254793	742319
4932717	980964,1001173
3334825	235443
3835725	565598
3499349	343470
4513717	116313
2751465	785055
2426865	618512
823957	400803
4145881	691426
4556353	685316
2742489	618030
206845	983978
1110629	583737
1949389	2652
865145	707231
1324545	445545
4879081	472051
1376373	636948
750769	584070
1407817	636291
1997645	85062
3283897	408276
2811801	563290
2043833	46825
863345	619113
2493493	806068,927583
3896565	726587
2603497	120087
2482253	940998
401885	487066,1006033
1316065	562067
4626061	36379
4810369	97407
2886593	582854
553089	260728
3651597	249113
4511085	709821
4734813	583283
3709921	483097
1621145	449500
4343273	558397
3362121	181849
1979229	310208
4171261	86238
3729717	634999
2345617	384481,394061
1364589	871240
2414673	946946
3444873	385287
4694645	565370
189173	537443
4137433	304392
1156477	985718
3749017	602530
954801	605536
1840901	118920
1051209	625365
4930805	859260
1193205	376198
4390057	592587
3449517	49880
3157657	789763
1540489	928539
1983309	647971
3991581	387249
4972689	488460
1494221	887652
3362013	376638
2791033	457663
5001869	497492
542781	653161
2120409	50011
4331613	905076
1461969	386096
3708121	64350,249000
3817993	303065
4821825	121944
5110997	411955
3979881	75972
2261537	825470
2469045	345576
4908125	1011309
3276045	656367
4089053	953443
2233513	1014017
1992741	179212
2842089	137526
898645	693175
3498005	1008949
1504041	38238
2551585	834192
365637	748500
433945	21984
1683853	39921
3388117	345147
105865	165915
4211249	210810
3070037	987500
5142417	155264
1704833	86253
928345	43367
3377293	273063
1808873	70748,249243
4479997	967658
1066917	468757
4156285	646768
3905893	987969
3932865	488960
3440365	1013976
4792725	344145,907427
4025073	684189
1282381	846209
136761	600065
4439073	1017482
3410773	564864
4872029	95896
2249033	420329
2455305	11641
2514353	460043
2467217	343159
1139857	622670
2600649	860104
1813241	1011456
3753685	909930
2599117	651883
4055217	231040
4586413	832962
705557	65810,486388
4193173	125388
1076513	600389
2068129	561795
1383645	57725
3403925	408879
299781	934083
2553633	937490
4244965	1005267
268669	134667
274081	772520
17937	388768
2916533	565770
2515413	3839
1527357	868758
3411853	358327
289449	961903
4284497	235619
1546909	71022
2120921	1005600
3439433	927
1707393	378932
2984665	187912
1495449	602983
1147145	376740
1203461	754146,816999
1087933	799980
208933	806903
1220233	662506
2598205	815789
5090237	677692
3864597	951732
3379421	263296
425065	379093
4453441	717715
4682305	571073
975913	137258
1895885	288446
213409	664280
3823945	563769
4022769	270175
3334285	491933
651773	490151
316493	184482
184345	931919
4303577	23958
3090953	911489
364581	931976
1396957	382144
4496473	89858
1084565	358770
1151249	971934
3431789	545712
757181	51682
2074541	583744
2814001	869888
2564245	362553
615217	814412
2312657	895911
3248773	201575,456950
4748269	51133
4099013	129504
