3518151	988098
433711	769132
86591	587980
435051	846732
1384543	496430
4169967	142524
3224479	931481
1995263	199319
2115083	38504
1957607	479110
2461451	446048
69703	112763
5036903	880345
2582963	971527
1604179	650460
1094627	683547
3684535	131031
2398035	240895
713415	922452
1648831	865137
27971	556414
940743	691094
1041171	65145
5065987	355208
2125655	1015614
486171	688195
3822427	91046
1010879	723306
4301775	349536
2703943	657370
1751563	665101
2887571	755677
3636431	300821
678323	843670
1074763	751344
590795	10641
152191	971230
3631603	37754
199903	834785
2988875	749712
3613303	884368
1076171	257315
2078739	679210
4693323	172392
3016179	637570
3900163	881916
4621431	286523
3734363	150771
1556835	308079
1183159	883438
263959	765800
4458903	290180
32339	956934
551803	621830
413783	941999,951619
3355899	676529
2702371	938204
2467899	958382
1458507	317441
345867	68061
4036463	211919
943975	97545,482064
1230131	672891
2157535	226452
2846407	799687
3018235	390142
3799903	335328
1759319	512759
2336255	578910
3768847	690971
4312135	442724
4417703	411211
2152059	631672
4044287	930152
2724283	786533
3578239	444348
4175195	276452
4066875	192067
1438619	50528
3028847	810052
209323	491605
2612039	870010
301639	17747,919679
2307539	222658
4723943	683255
2988755	955508
183295	331070
3622787	916838
2948199	857440
3514835	436840
4979207	526102
4929531	311927
2953379	53609
859639	259588
4870843	833067
1650583	151728
2614631	67538
3061583	31565
398287	794566
3868371	566130
3883591	460831
1645051	311112
2411695	535889
52851	851233
1951595	397404
2021839	958007
2663787	228785
2063019	349762
439691	743535
4193643	830153
9027	896933
3437983	481314
1428951	130810,174510
2899195	26304
1482179	237348
1000531	496291
1705963	565705
4857615	101391
3294739	813136
1002659	746599
3144027	289120
345691	382612
3154727	373602
4555087	827350
1120731	510344
3943467	771203
3197487	126317
1776419	287865
947151	903003
1128103	142620
1951215	174906
1817935	441427
3155055	730553
2213943	866466
2128047	1000116
2055231	975245
3461635	181034
405763	63516
3481591	80612,824233
3187827	572694
2950287	947557
298855	586817
4094871	240705
3501399	645411
845923	84353
783515	204710
4715719	680043
1268655	949023
4361047	491698
660991	847102
4020587	781166
2016523	343985
4344771	221938
5089159	702508
4920539	745986
5061479	513290
325763	415117
3251639	109741
3969031	747870
4776239	205890
4558411	756813
1911691	74110
2111835	152662
2368227	398365
192155	504569
1987939	533657
3918691	701932
1286843	176241
766411	784665
3584667	946064
4554095	680993
3201091	566052
3659715	542693
4895487	722682
806815	301625
2505403	60622
2421915	436954
1469619	467972
1274923	866739
3834103	444904
3270859	607070
3427727	240803
1751683	623066
4991595	597921
4360347	115750
3131835	656990
3196459	561328
3970495	396818
3363319	563889
1053479	313517
458171	4834
2641019	393045
3219939	499105
1602279	882778
2611103	892524
4471603	664101
4507019	366070
2770283	434972
4020503	140284
938215	630663
2505067	668987
766447	470851
4338487	688684
1353747	777513
4945835	743584
3741739	688656
1801951	966274
59335	578116
482415	291421
2997575	19169
299403	795312
4577091	581229
2049939	550085
4179827	290058
1234383	721254
1142975	702793
438647	774522
478535	27340
4033983	162427
3723883	184230
1821387	225711
839791	50740
4651783	948560
1179479	130632
2197003	93191
2215495	1015778
1980831	83254
3354283	871706
1319515	349644
717195	111777
4176379	71109
2879419	854147
2946999	705473
2937067	479922
3005691	145914
1005647	849726
2119419	195559
4126615	361087
1044359	139159
2314619	881566
624211	349999
3843179	293492
749347	1007149
3121395	699044
1691083	127764
296723	724592
4990267	334994
4018775	281424
545591	413401
1474251	512726
4206375	616517
4884199	928986
1619863	643166
1780895	222609
3882659	715946
750331	583210
4390335	954877
1689743	307306
291699	262940
4267027	975893
1225075	168056
4467207	445892
4389091	864761
3991043	800083
4409355	821779
676639	243578
5074795	935581
2497567	700240
1415219	83075
4480051	970274
405139	832372
549223	431443
4461227	590757
653347	335829
1214295	135696
710603	87336
3915343	503755
3648099	327588
5057075	145936
5015819	276912
3469419	384377
4777971	499663
1163439	677277
822559	704211
4819631	346914
853291	633338
2571319	975927
389027	623297
895931	347655
3272751	955044
3942867	876652
1812067	865464
797355	920197
2380055	871521
602351	355416
3950923	469166
4335911	897408
2008703	899107
376751	483121
4014543	804277
4935619	121805
1943555	323320
4826759	473530
3880035	505438
841219	1016296
4768159	648007
2285455	110007
480515	656215
2633395	1004758
1492299	677013
1334671	556605
2391879	136608
2505163	764649
1678907	657854
2282819	146373
1418755	682314
2857567	706404
3363423	161449
1980811	866524
1129971	320075
2226419	982984
1342543	991065
2820307	825679
2270519	299092
2907323	360870
2207243	123832
1799	211315
4041131	681049,781141
1797543	632144
244315	327036
3097755	137205,1016200
3538455	40648
2992999	491783
1758771	655639
2002671	273814,277719
1911755	677519
449455	236827
5097771	448710
1495687	289432
1344099	165984
296831	567682
3452795	516580
1235851	943059
3294627	767805
653143	318286
1823351	23583
4475675	57459
2371143	553559
3713531	158646
2477307	334834
2393879	419269
4230355	35178
3488299	422137
1581271	177002
2690511	214167
2770815	309655
2393083	613073
2799027	882979
1291315	70560
4399283	878601
1535299	972678
296771	186957
3387907	254779
3246255	488437
983827	594644
3117059	542218
128495	678337
4679455	412537
921231	826014
3856603	197663
4158003	628742
4397331	288752
2562171	853185
2050551	428123
1098495	868962
2603039	549531
1068211	845680
830959	898874
795455	580227
2782419	410162
1860527	563230
561935	529738
3028975	572484
3850539	886457
1882135	976918
1428079	407204
3912767	145746,525239
4984131	256773
2992687	296212
2986883	1011341
630311	944402
4533451	32531
331391	724553
496423	714783
3307375	880656
2764127	461709
4416171	402741
1654647	449878
2111579	739452
2153255	364925
2266519	208443,987325
4692607	275306
2359683	677972
799591	130125
1238691	456597
2846463	729066
3878631	987871
4792803	902785
3765351	178790
4584875	663246
1103083	759683
3155611	1002611
2061535	226369
1852663	619589
1871695	139309
3888999	493775
4244679	200781
4431355	865658
4690335	852006
207023	357975
2652783	617819
258311	561065,890524
1919587	477981
922203	914955
103427	987473
176567	89892
1835215	319328
1911559	702282
2692603	662084
5157479	535100
3533683	100530
1274815	167906
1213607	323413,483471
4705819	402762
4364119	482674
2949619	72938
484331	819292
33911	906739
1315515	6187
1503311	486698
661059	777394
2184347	634910
2864767	78066
1313163	536406
3459371	140862
898031	251
971887	884826
4591779	172549
2850227	265173
3135179	716210
2323035	747431
3424303	941552
4024263	592034
4791211	81804
1453115	101817
3616887	582430
4596147	343385
4210575	88445
1786591	838538
1413543	983959
3073347	120532
709971	21182
3206319	260827
2820475	295586
3153655	140264,539365
1467763	928045
282575	528823
2936635	142538
3161391	153322
2665463	620312
4988279	544467
1066843	683732
2677939	284614
1597903	359280
4480135	195595
2149115	425854
3424763	631887
4280563	727353
1594511	1000610
3528039	528487
2173823	478423
3204279	615629
1526867	588845
4388159	398419
4834743	142823
3551251	86665
1239927	143835
2515355	924835
1639543	877627
47667	348671
4509139	441775
1154991	555324
705547	733202
3859931	7579
3327263	390373
2231947	383216,458444
4172279	276799
137035	294793
4731687	26875
4141391	532117
176859	709142
1054383	566506
3500403	651421
5102627	173652
2543947	614838
2196163	858945
613071	424900
361891	289304
3354815	298472
437807	430286
1992467	397140
1054323	8860
1849127	969276
3032611	378914
1713295	293655
761779	439248
4552295	648999
1441763	517081
1551351	560951
1131455	355255,453902
2789215	167908
337335	289379
3360355	494008
566879	375883
603147	987254
4148719	604564
1298555	560713
1047955	145871
436703	287740
3647683	1006639
1168203	441479
4307875	223233
2780615	726294
1620943	157980
1980071	808363
909679	651743
2996051	132639
443359	970636
2996979	218459
751191	601583
15671	965931
674331	613358
4552915	756150
1732703	875236
1895751	198747
3264611	694065
4514947	466926
3164623	891022
4332835	45490
1637031	328907
761043	212707
1610835	6795
3881411	30149
4625579	224335
2296219	67852
3173847	850332
993779	208677
2862335	803730
4031459	548884
2942323	528483
4020771	346974
3808159	200436
122259	1012272
2010227	135756
1028351	773826
30495	472057
3121251	299395
2424683	800810
414915	585909
403095	28185
2849735	668785
3267179	78534
2259167	944380
1166287	828627
5026427	132992
466011	675111
169111	85534
1023315	373150
2344175	212108
5115995	981447
4860115	629742
1963691	758952
3368355	415418,800273
1160371	567576
3635055	439839
4349771	76315
3962971	643825
1905067	900967
1486895	941537
3695283	978380
2275387	290155
4233835	504366
953531	603228
2029727	557355
1593099	486344
796975	113848
572579	1014560
2980223	675509
214103	156205
708107	276357
1390255	460320
1357211	12820
1575683	918191
4419039	583352
3404603	93246
4973819	387310
3370447	605881
10239	339230
1717947	710774
3265159	259954
3827391	334588
2533563	229390,327350
2557759	909365
4162579	958126
2881695	473307
455087	900836
1481471	925757
3657543	767876
347571	797857
3190191	432520
1801791	840974
4297119	324481
2306343	144276
2751335	436715
2513263	376833
2311415	33016
4169855	561
563251	494022
2936031	1002909
2315243	656617
104423	999244
4044303	199158
4230463	579450
1903067	703983
4014207	209214
3175295	169540
1344159	539873
965967	572560
1914991	720200
1331259	16701,629849
4324459	773924
3360143	65410
4876003	411823
1310339	931447
2049507	292607
4057415	352826
1153099	536812
2611519	39008
3556547	522241
4150499	279576
1800547	235081
4165339	445624
1728199	146293
4794351	233057
1931803	793833
1341555	989790
1604139	792925
649495	889059
3664603	620188
956343	273967,463023
4867591	33466
3916427	1015742
1598127	959064
1763763	100567
3196615	637980
1648123	322747
2976955	936069
3494743	924680
625475	176969
5082195	119773
2416287	927337
3310503	667345
2398823	960806
4280027	633866
763423	787293
3143915	281003
1852423	749727
3462451	529764
1351943	156784
1320123	733964
3770731	490155
4395775	264091
833399	681290
2359699	344500
3748191	441558
3918563	467627,537705
827923	300603
2118775	706132
1566079	493734
2003163	109309
4131463	455404
67451	530656
1468567	375539
287167	914633
4064943	494651
2547515	787000
3240559	1006804
987143	178579,632817,838108,981151
2555027	759687
1971431	954187
1901371	967253
2057471	904189
2343267	610868
2002819	845416
984023	143715
3676943	406810
206199	644433
4555299	249644
2929659	992305
1676659	132954
3959735	955731
2899675	499288
2240071	26383
1793131	13773
1118467	97949
980187	868002
4884623	455112
3656599	631740
4984251	664189
1440399	415334
83431	941218
3382399	519775
3047979	1000159
890823	779388
4750931	258846
2424383	950777
2090799	474579,536819
120895	421392
72107	784553
4802935	18466,218715
1659979	422463
1668751	231457
3823579	970034
933655	525823
1579735	206330
3683695	43185
3402111	502897
2788487	778632
916339	98746
4282175	526429
627399	402224
4514471	464954
4981099	96235
2462471	1009495
4148091	29565
3280459	45745
3365399	77998
2376387	405035
1877079	979355
3529591	233056
2429571	855901
449127	16237
2469175	255018
4674943	491082
4011539	19611
4738059	232503
3324515	41453
3124147	956237
3890287	280549
2627079	622025
1940551	957998
3178955	841125
2087079	621701
1358635	89491
3689671	101607
3004331	341642
1144063	416972
721811	415858
1045819	977301
1660355	603401
3729871	927578
346907	773423
3180383	450848
3810003	224501
5096527	1004964
1834759	558472
3169819	866326
3994231	924602
524231	26813
5083191	820256
478043	624862,678143
1616843	701109
699003	822861
3543079	379251
2775043	228359
582659	889448
853551	81054
4974155	771940
2738811	549157
4722547	469804
1262079	33402
383259	297502
5129067	175446
65727	659158
1776215	351405
1883319	468888
1278791	971279
1926339	334017
2277703	51262
1892971	301520
444939	159494
2129671	6954
587591	721860
1279471	954971
957455	823732
5120099	796116
4987815	573821
1484795	796792
4168531	98289
4958327	853268
2941887	162289
1752843	395939
4684363	834210
251075	267295
3790191	166337
2031455	571370
894615	125954
214747	963762
4703555	316722
3662887	566086
1442915	134193
3529299	399802
690587	358095
1772855	319877
3755051	675625
766879	1006554
3318687	132621
1682879	409482
4517583	429865
4115427	967439
3032711	499722
3577875	679842
322455	391343
3117543	824577
4104215	505896
2170623	10539
355591	250039
3445135	31796
1261323	36373
384743	452217
453731	367032
2471647	234137
1897531	336544
4686539	416012
4181787	763914
4647063	343731
3636083	598965
4101763	873189
4503983	747310
3818831	942647
4634635	70420
624903	266394
2418699	67647
3896763	512915,673414
3694267	436474
1395155	294048
2982755	99038
4542239	358323
4361843	871261
3454639	538581
647823	231851
4076599	344709
4130155	847817
4496511	723683
2928731	48528
3626755	475070
3039591	924106
3366259	61312
2450631	644532
1103367	101972
545743	77294
3356171	446767
3396267	272269
3109355	757080
3042319	624537
3421395	351759
3917035	442880
467183	145851
1395623	155757
1965815	748180
3419063	613654
4194803	497662
2856479	178093
4951075	306247
2080279	94584
4747095	815967
5150403	984853
1051107	462007
3156555	497277
1319107	911851
1684107	275513
536811	975714
1894319	775104
52259	677427
2341467	397227
2492143	581326
3973743	650256,693800
2667139	3106,315432,547229
1033131	294604
1242991	947646
67431	527708
916455	710783
5001275	790641
2939995	894914
3579379	866471
1188591	517198
3891283	397831
3343835	19178
179675	550035
2128187	814775
3486059	157126
43675	238624
3862687	670937
3233811	97994
1761023	958587
222659	947813
2328667	906249
3282759	365378,387023
4221175	346907
3359935	222924
2471607	555862
1101691	903803
4165779	491634
1694907	6666
1273719	266962
1957859	700935
4926951	110562
1329715	393910
3148551	348786
3172279	876654
552935	252092
890475	281329
1789635	184354
2801803	74060
1714047	222861
3473667	465778
5085207	309845
1932479	496461
2452027	975240
5091783	688740
4077515	932905
2299355	91975
263527	223673
2831155	600270
3806791	937866
3031863	452336
3175747	863281
1208659	12787,851477
2091843	96253
2582943	499647
1796619	664741
4011799	787568
398003	425776
1692623	215863
2439447	257723
3318643	337132
4163247	853846
800151	406909
5126479	751222
4907963	557574
836927	967598
4173891	783837
20871	92581
1711579	379264
131095	205969
1981835	857480
192355	986437
458275	976596
214879	397793
5022767	6973
635559	579053
457067	311037
1738787	427413
2525151	267104
572723	407829
658687	641083
2558051	662677
4265555	752859
2043019	2428
3967487	630639
2261519	191752
1728279	740802
2393151	574245
1566083	259531
4284995	263840
843539	865610
543483	236897
2840191	467498
1869235	377443
3814263	362125
1935243	593875
1502775	23612
1696967	98003
1334463	534033
895163	315904
4630651	76011
5146195	334979
3795623	272764
4136967	543013
4105571	427775
704511	816236
2503611	309755
3000191	642395
2541467	155038
2712263	246363
3521359	404501
2206111	954966
5080939	63971
1301627	516902
4488459	415807
4373523	459381
4132963	68356
1235235	273608
561187	641677
2842643	526147
5120327	378898
4229895	391387
1217495	777516
5059191	576457
823391	672845
4047559	634722
2485295	978671
459227	912642
3185099	236131
927979	335684
756299	293721
4080203	279347
2094483	315146
3449479	16952
1314691	259525
802023	467818
1507871	6071
1164931	133182,169471,845026
1702747	624418
222371	549823
4250427	486323
582699	63004
538023	124547
1809699	693344
3172087	36288
2126699	919938
3595771	128732,344147
4865211	238320
2952491	307281
2712619	372273
1583487	121547
2415371	91737
3454071	199309
1132815	827495
2300515	99422
3481195	966670
303755	637802
1547775	850828
562031	869613
2468471	110694
1941051	122829
2124195	553273
3407451	741620
3624431	686187
2940055	969997
1084247	473781
4502775	544534
2617419	935092
2311359	127997
2571947	193818
3065979	638256
1070435	702325
5133627	238551
1482879	508661
18771	889595
4238063	383538
892559	148476
2411391	766567
4183999	777515
4702639	133839
3414627	569727
1091407	619645
213747	637927
3897371	315920
3103299	81407
1688567	830575
1433951	548130
2284551	28128
2486239	214822
2357219	524479,726287
818823	106831,154721
1557499	114493
3695235	445310
2092083	21787
1103963	331864
1520543	89572
3627243	350323
1563911	949458
4118283	418872
1483995	49412
3198591	8349
1420343	467024
64671	532920
1096851	551496
4291755	147507
2409287	148684
3488407	542546
1838487	962296
1209655	657103
2457303	551914
2715155	447100
1807699	933082
1415135	578010
5061759	594387,1004381
993607	942095
2295867	759229
659291	796778
3902835	463274
4499907	493159
2347915	290718
3065211	734081
2385023	16240
1014247	710891
669623	515437
289455	883951
3765223	977812
3108803	743605
3413143	925761
1707879	148825
2898051	520443
3949495	223313
1519995	660243
834647	238922,436531
1810211	253282
743475	850379
949867	927521
1732495	45779
3412435	485004
5146047	978360
2504327	985905
5138775	21435
3064107	24968
646479	862457
175703	46638,194241
1712559	128786
1688811	916089
1832231	49830
955895	314289
2787775	654332
3356931	229640
4395087	819269
2163187	142769
3481707	661723
3946859	372823
4990839	342985
4207571	446524
5063719	203064
3835615	532759
1462511	597360
2719711	807993
1578851	497361
79679	856420
2457387	394400
1114255	185319
3136755	464740
3616943	345913
3907983	914003
1626407	840683
3636131	993069
4948407	865323
4552951	633116,831913
4692615	350770
1749171	394181
4632023	285751
4418627	845990
1465199	645578
698479	165421
2435223	762285
854315	972107
248491	17663
3778535	67188
2979875	394685
4217855	956967
2066631	313138
15459	645186
4992015	3782
329023	725947
1866647	981285
1365539	19932
1457307	601619
264667	156059
2329507	214505
3482707	728365
3507	840399
4913015	650590
393355	940438
4268987	248000
4168527	736109
1913327	602033
3804179	903503
2916267	19637,89133
2536495	230965
333091	166994
2771703	308341
1084823	666802
2408195	1008439
568143	875302
3336347	757288
1471239	131778
313327	62681
2125123	314459
1907747	742606
1729915	740398
4350455	491104
1118171	589580
1658551	370225
2904979	334771
3301155	413313,1017143
3002735	680318
2070387	503016
3991471	267812
511531	709243
1214891	873856
3186015	591272
2536963	532482
5078899	152323
3052239	36258
3615487	277071
1679715	742603
3730123	980902
3276439	99417
332775	931741
855079	668827
4527455	905897
3377951	793032
2790543	347687
3629787	713480
2508419	321438
1560823	127376
1400619	36739
5157971	1011318
4232463	722318
2454835	936133
3338791	584865
4425483	443826
61719	81656
3933491	434057
5271	448949
4562711	192627
3500575	156210
490583	459485
4547323	627281
5065887	608899
2483	279678
705755	7111
1068371	491
2257531	770464
2778699	677288,908116,973107
1609799	503653
3681935	552344
1342235	1014795
199115	298043
3454731	282615
1973179	918410
2329787	680573
1005235	640953
4494947	434502
4862819	17630
4148643	640714
98039	887258
5149779	426995
3528847	154490
3409523	50252
981183	917817
1219211	966013
474071	385513
2154643	924980
2919787	221385
1497191	911367
1947459	211218
670851	850645
3118191	203566
44003	631518
979135	213119
3768899	91455
2078891	33987
1014043	740322,1005308
412731	226418
2342259	551872
738567	689152
324299	707645
4411263	993027
2155655	731474
247015	752982
1080007	473222
3913155	1003960
793547	272829
2797507	549828
5075927	11899
3408715	838582
1818739	331764
4435099	328118
3122135	172091,690384,880835
1014627	238669
735415	555376,964334
3948211	627795
3729867	292608
439735	983172
5128743	552922
4987167	722456
1652515	557304
712291	241767
4127211	321772
1953791	381956
530427	437794
3727523	999244
2889607	263832
5079303	906935
4166327	955157
2871051	760501
3251083	458317,585937
4550307	373443
1189279	78889
860487	255483,335975
2697795	51989
3883615	308132
2023751	951080
3103219	576219
2952319	79823
3806819	549137
4950243	956581
3758295	356937
299363	706811
904975	17868
3513315	278526
5095319	664411
335959	142408
3521055	664189
2291847	23002
2087779	20484
2213899	597014
74927	724169
5053167	946658
3767567	348706
3791635	81915
3497631	737495
3786027	646978
1849731	146348
2988047	478069
4600983	436727
3011279	178035
324163	1001679
3210271	893095
849451	307596,318071
2217663	860048
2673211	942919
3969115	3035
4268151	268584
1363479	203323
237843	816189
1169459	220703
4642319	913348
329983	97930
493751	809836
4360363	340057
1547327	747080
3964583	627116
4942291	641112
16259	278048
5094143	33204
2595107	654872
89267	109474
1699379	814271
2032347	598345
1355231	740868
3477139	484452
3230031	353058
1788651	1012935
2510887	689512
1663863	473411
24239	847995
5109639	983160
4553959	50824
1941259	777763
214859	757293
4721567	941216
812175	131363
4968367	139558
2037215	372898
2734599	967030
2407767	539406
2053715	272810
1255459	876828
3401335	944845
83451	183429
3440987	33799
719203	943225
927535	195385
3551667	759934
3014323	141584
3982147	479868
1890339	265204
2681107	548848
105991	212042
3585655	637434
4382911	101600
598615	97377
3926459	777680
1375879	563910
4940979	726163
176803	753248
246091	127062
4775219	629633
1845247	654009,829295
633591	863856
3560719	474672
3935315	681657
4069291	335401,545175
2741631	607089
4748275	852214
2127991	541515
4035667	825918
406411	752001
1165099	4871
553803	744879
941547	490102
4512455	362883
586227	659402
4863887	224675
1808771	901245
3988647	327244
4554619	175836
2361211	972198
849843	244982
3184635	469193,842362
1880379	713284
812879	177984,495788,746617
2382979	650031
98115	661289
1803631	705543
3222811	270728
1688983	57820
870771	926333
4243243	413235
147783	671116
3157635	824447
4845127	669041
2828527	769691
1643191	547567
4594583	400386
3149171	413098
2030759	151680
1995207	360607
1945599	602045
2836883	338828
2924387	343416
1596787	153716
1948851	828630
2061475	462100
4372927	221364
2171375	549099
3804627	24156
394427	772339
4427947	695646
171483	436716
4404527	97271
3375835	208536
501067	103291
1127595	584101
1122423	272991
854207	1017545
2215675	709817
1284335	116423
2695523	125532
3030399	711447
4748535	566876
2485895	215142
5151467	937629
4268447	123996
561983	815088
3917723	114853
3045587	378299
3638159	310954
1173227	532150
2642807	337500
84983	130881
914523	45497
2694823	608188
718367	982759
3781387	327726
5020215	559129
1665359	651069
4634399	301713
1008231	768447
4714799	101066
3186967	126186
4273655	378922
2971467	266242,944052
333111	503808
3372211	988779
956195	651752
5100047	758063
4158939	29325
4352587	983475
1142595	758774
2571323	536279
16779	23463
2956287	642108
738395	104083
4144191	791425
4079711	30228
2340099	231243
2926331	412001
4256551	448942
3048067	907068
1203415	202295
4548491	962208
3804359	806003
238539	772547
740947	567430
1815395	320201
1504547	597116
420031	995325
2053547	15896
3543915	211171
764155	131895,594733
3137999	984949
1060799	563819
4870531	728866
4833275	69130
861763	627717
4117447	80042
2378455	517000
3560619	405743
4978239	968377
2603939	483808,631060
3756139	870886
1538819	719906
934383	567430,871323
2084691	1014382
1491263	330866
2524343	320569
991571	296177
3028415	434561
1003035	839149
2104343	322986
3493071	54005
2243195	16137
4335607	553235
1886615	160216
158951	538980
2803467	87705
2956135	485464
1227863	415424
1615751	433387
4405219	438441
658775	146872
3798211	840022
967007	462531
2787911	992396
2935727	963523
2355915	334112
2721443	215129
5114143	867503
2710079	162654
3814343	351416
3356183	772283
5053523	540603
343167	500562
5015443	664917
1592271	891096
1451667	539091
2454319	361340
4050079	136460
2562915	36376
3274995	662212,703818
3351259	206622,835840
3168507	455790
5147547	799973
3777707	575194
976151	120533
760983	860135
4831363	159320
1861551	202686
2654723	364312
2000855	614297
4474759	818722
4449587	735517
4014755	181208
4877847	927633
682451	1001019
3650399	138646
670451	729218
428071	238661
105055	185551
3664207	579704
1499183	533811,668756
4075355	528847
1400215	57751
4102483	83984
1922407	933218
63303	517662
4690471	582310
14399	612590
1776279	967642
1533555	628947
1130795	14205
125419	42095
3435651	708772
501827	198741
3606051	567177
186843	943381
2668115	103992
2095291	842413
2157939	1009083
2334607	411056
2069131	434360
2262363	81656
3196075	860822
2249595	27698
1744123	560799
3332211	129419
537919	311818
4382143	570769
2402279	272508
559847	819439
1166235	741189
4992191	438991
2935823	638919
541587	242255
1135387	852190
373987	447949
329819	574628
3293003	876782
3503155	331948
3463243	435017
3755635	964198
2080315	179620
1567019	371705
1311003	768126,822451
3549951	622804
657271	428473
1634135	837666
180659	985326
2642983	663193
4320583	773320
947223	696059
2283391	98231
1494283	224874
5058983	45560
3996439	911163
2564759	455995
4700155	325426
3160803	58318
5130331	650705
1450875	870836
3423119	57364
961479	565814
3634139	85496
2072275	888318
2158843	554263
52459	807796
3607903	913606
2332195	72136
768783	452271
2575171	902045
650691	110934
983771	502014
903467	120110
4401463	144978
4966023	965330
1644679	152808
3993151	204135
3781391	569831
4363827	844898
3696431	985863
2359087	786372
3301027	176277
1708135	667184
3947959	556739
3365363	949017
1542155	337417
4215395	399203
1119899	89308
2166731	231112
1745155	489875
2847399	966425
3981591	306437
3399475	660431
1445855	640570
3994635	281406
1890623	938666
4873779	247053
61099	97856
1864347	586322
1423183	722386
3438195	521084
1521447	329967
584567	964971
4299775	699674
1663463	45358
4890271	962930
4979571	37417
1907019	588159,1015050
4159675	30235
3475171	533999
4938903	365575
675331	996461
4915583	553262
3474839	689058
354503	587537,881206
188267	17468
2666419	244338
140247	408163
578335	320070
1051375	24511
4535987	545220
1394443	748820
3271599	811434
2748451	501697
1029423	865915
1381347	347452
2356255	829588
3497027	736529
643667	489121
4557755	135086
304663	659371
3914451	15444
4703651	787121
1069467	495250
3289795	885164
3413795	332128
3696015	12676
1397159	668701
3932431	687129
482723	919524
4662203	304681
2787831	792916
3133911	839920
3784551	384090
1209771	552179
1567483	83401
2005075	865797
3517111	553719
5051027	607954
3379931	86569,341087
4192263	453444
3949923	891532
804851	715647
3473055	201626
2255515	905816
4381403	856637
3774095	918178
647303	93733
3627595	958734
4246247	63620
4152963	192573
3155711	112965
831755	629866
2238487	257848
1900995	50915
2247087	45094
242471	700707
3571479	944978
3633399	459244
3521999	249165
1806475	153583
1374871	883667
2505879	143309
1369935	447549
1271231	897817
4929819	47378
895499	658311
3212227	402629
403935	990178
1516507	527538
794655	674606
191555	50291
132495	58271
1748151	631115
140359	55818
3458283	968080
2940259	786053
2088811	986943
4266987	735610
414411	252393
2833519	391664
4452623	43930
4484855	85319
3846599	555430
954535	770357
3980499	992146
1328763	560779
3039511	339166
2075943	78184
2577355	191819
376951	912734
3609815	559015
3082435	39715
4551039	163631
1325271	670999
4357535	4525
2098371	580837
4332199	585841
2945843	375327
4462443	28150
4739619	542889
1297763	531152
1570087	968076
4029999	347691
4000351	418037
968355	247692,450372
1306215	433779
1910915	227282
4190395	530716
1879027	89840
3272907	410162
1533499	438602
4839491	39647
1943495	821760
3804795	717386
2305799	585473
4171839	652866
1914651	557206
2490911	180314
2137163	671961
2072987	12782
2247123	451889
1817891	768699
665111	241319
4998415	458329
4803083	265835
1763243	279835
2061039	226112
1423087	113772,170301
4078155	77855
544943	440531
1362315	536808
2972719	250245
4121299	352450
1609907	655589
3824355	479074
458095	950350
958679	853270
4274735	898437
2698355	294048
5013587	996071
1946019	685107
1705551	679760
1708975	52882
4320427	975907
2261955	650649
2284595	7916
2987971	653614
3850423	864476
674255	545158
1301631	226331
3192075	354582
600031	26486
4751943	552418
4439375	425445
3584775	967179
866111	695531
2220235	605196
671147	112337
5138927	911009
3107727	364631
4028947	111263
1582995	898473
217959	953883
1308551	247459
4469987	2955
869247	85239
3979483	220627
3501807	55660
642643	779405
3948611	719533
2467451	1008568
3997963	155782,300741
1053763	14133
791119	603422
2811931	367055
4971091	957653
836787	126168
1555243	198792
72463	312952
2467375	385522
1536011	172339
4097591	530708
2532611	617906
691495	401813
578895	657499
3567831	938976
1429155	882970
4872991	112078
4304959	653347
2412183	1016409
648607	191095
688551	562157
619035	885403
5118763	896499
2126611	513965
2445055	964133
2039123	569110
4748959	30037
2940795	439906
4452147	187839
1892507	736457
2016151	588067
4355915	27274
3806023	533988
648823	780594
2647811	273320
1083411	124916
4848531	79725
1430735	315393
2799827	239226
4203871	87315
4692295	536452
443651	264268
2097895	78678
2238443	702539
2110899	133610
1595279	191645
3237407	1004901
1039543	261004
2971887	617541
3349879	190478
3371487	254494
4814895	680748
153955	430944
2305615	58427
5043579	794661
4889455	969308
1969603	32152
457587	191981
1672115	416085
4088387	392674
4848915	140206
1039103	78713
1425115	571701
634667	1010801
2709555	204101
660127	320542
945723	750360
3105379	590115
4968619	1000077
737123	490622
329935	763784
3576735	43370
2422031	23100
755119	774119
1167959	443372
33879	641665
480495	559983
100851	366961
204287	719161
3272699	231324
2821267	175156
3937043	405270
4316523	439336
3404619	844414
2473391	915997
22887	48114
3726971	612542
2924467	231038
1497171	743396
4028299	762689
502639	47109
3074011	659504
3107871	348017
2310239	379296
4168507	656732
3650103	674349
1599135	966552
279675	29627
4217143	3724
1099679	727380
1981099	276967
1055751	999639
3782835	275387
3473387	923728
3234411	729366
702943	471158,737776
1521247	520437
5088291	817356
3853335	545829
3349923	475992
1016239	526200
3066939	22570
2699463	717129
4438759	445909
2934711	777764
4330059	418486
2601335	576399
4762287	213851
1547015	156828
3617007	659123
4678791	885794
4821187	121717
4857651	183713
4216663	768567
2890839	1016930
1560007	144688
4125839	450774
3518779	605302
2780919	582868
3364115	19763
4977319	586168
2058927	510895
5035163	964450
1788327	366433
4472519	474117
678287	862838
1206335	604106
2308411	651380
3044203	857978
3070299	130971
658959	178565
4293599	299302
4836419	102715
3067823	63652
3799475	1013319
14563	942270
215983	785596
968287	982026
1393047	983841
1444027	139745
4457283	191702
323923	232254
5077243	286947
1951551	298076
4475275	946969
1452939	154066,783178
1447903	829633
3237415	335068
1293511	453512
181255	768536
2194311	764988
3164143	879577
2842591	456921
1739931	324968
524447	533094
4179595	682567
3884515	494149
2156487	675225
80335	761464
3556255	49417
2893099	452530
2889079	777566
3359211	212138
245451	675166
327371	223019
3042791	415463
575755	883273
3232027	451068
4369267	396988
3504483	846694
77819	320519
542127	509462
3591231	539142
640975	418314
1380243	115200
2494547	17882
1317903	224153
2061027	687776
4254351	105479
630119	916748
758251	179557
4201379	276023
4461535	726894
1095267	453612
3368575	295046
1635867	924559
3396395	877516
278695	915709
2048923	923978
419683	502408
681039	841807
4961831	33168
3153227	124609
2934103	862830
2096035	553491
350711	670853
3176467	491480
57127	92899
1839063	1005016
5158795	400500
2944655	920478
3866327	817452
3234727	274355,861816
1970475	342950
3590931	106446
4142479	221418
3009067	450465
777063	615864
3733419	601310
3064435	324662
1397707	279804
3079591	707652
2557459	576319
2183603	342244
1362231	165359
3398807	108503
4157103	772325
1250187	357325
1584579	519819
1179371	510203
5073399	527660
4680199	453142
3936123	121078
1188151	851650
2192935	195001
183943	821729
1411563	666306
2709991	15880
2427235	265620
2142999	202489,905689
2154935	176347
2003555	68506
4029727	257088,343897
3949347	109584
4502459	164740
4665351	788876
3572275	395653,826131
521435	748788
2266375	286064
137827	947719
3787955	844002
3286807	199014
1750871	318078
3909967	674230
637019	98361
3459851	612628
745115	931946
1449515	819061
1790651	591057
4217643	590157
236875	14358
2510523	375812
3098143	283107
1341035	645570
2799503	214486
855231	512726
4848299	485518
163431	726110
1430943	759929
360983	21777
1212015	978306
3328839	561185
2337627	940807
2069219	267587
427335	723972
463435	393237
3621595	38175
3289083	515294
2090351	338873
2638099	219558
4626327	482227
1430427	659400
2311795	318098
2382755	84138
1409719	230983
4743823	628585
268115	97012
2859111	413895,861972
4529807	941848
257475	440905
2535635	394486
2485211	678305
847971	806381
4712343	269384
789087	784425
853131	629858
661499	831525
2034495	483713
4166991	209436
2187019	446800
1639959	566652
2496511	844350
4417431	744838
3793247	914099
2639415	306845
3044239	274666
1885707	118003
2017023	522763
290603	984087
791275	91503
4407391	190375
334167	598423
1269579	127004,284893,665695
2324443	833956
5103059	80621
2813507	132175
4443059	454247
647631	356174
4054083	503897
4589967	807282
1570159	620663
719659	440844
58511	86280,264752
1109331	490472
1165675	991869
3294507	21251
1828119	517740
4999819	426292
2950503	49361
1670923	198504
3906819	922183
1678519	452440
2024035	434930
4541783	92381
3685995	973954
2430171	750110
1132015	11036
5029103	862882
2782607	967526
4511563	352415
3269915	287115
1643795	649128
1791043	271316
2221979	181136,933087
703939	347360
346639	189483
1528639	434795
964891	991132
3044891	256452
781519	926708
1324967	1002930
4681531	771130
3914387	210938
4211339	376137
1424579	786261
3677883	885130
3636467	6090
889283	363167
2979003	749973
2043103	538661
180935	296645
4673551	928450
2909671	709748
1222183	790045
2999431	52654,88324
4571447	212624
1665387	504577
1079367	683472
1860503	555465
3602427	473655
4997371	956007
1928591	523036
2364679	50771,127338,163696
2500063	936173
2901631	201117
1533759	34579
4822771	6245
4242283	493423
4331375	982275
1613031	534759
2778083	203010
415083	765704
3006495	873626
2457207	666225
3466267	41751
1929107	424032
4137903	548091
3399971	333275
1732547	451111
1128495	153224
90671	955116
984683	929620
3377603	897965
3677399	698400
1494271	183434
2184927	143927
298635	290028
3873091	296274,666231
3611799	807718
649019	579955
5128955	393160
4613435	588602
1425839	955105
1880539	91603
1527103	499276
2586511	543103
1232663	520857
4616431	200469
1640083	608161
4448187	311189,701178
881591	525122
2433471	954944
1749371	964450
4508259	359884
4908147	273379
4189707	375545
1439195	157174
4475855	737146
2775583	225670
2488819	908127
683627	368625
4915979	489409
2038743	536387
4234347	7390
2902651	611189
4532163	686009
1449855	826085
1290255	669541
1062643	342621
2061699	535795
4534231	377525
1503091	440866
2528019	655524,967318
3928047	95414
3106691	4572
840171	422311
2055047	417918
1689047	222328
1071951	109265
1855687	903224
507611	404307
3964975	307241
2216143	679450
4921999	41182
4578727	932023
3836655	303205
2331035	92146
4460391	464790
5059315	747486
3724039	257039
3113591	400631
4007527	721713
512739	740891
2117363	220877,271206
3358223	676559
511831	472785
1655903	524057
1177747	38124
1915075	877806
3897267	493856
2571411	82170
2232563	340871
4193899	881734
3067343	48755
3504111	759938
2895655	765054
4796627	233081
4222299	239236
425331	773247
1790571	947540
497719	886910
3386371	554709
287459	981435
3700287	474498
1175099	584538
4649427	222739,701533
4831987	397688
4726143	927195
185319	155910
2940563	426723
1941687	530783
3827511	869277
868091	752009
596763	533502
3900083	566694
2818539	199738
3543603	494161
1633923	482211,948451
2120823	971778
3890783	113191
4780791	216207
4132215	692499
2439231	242570
4824487	945367
2397051	281746
2086455	166630
816243	467517
4497119	535099
3799263	739482
3060863	796833
193811	667367
2712159	603080
3100663	456191
3746635	914980
71451	166295
4668899	266184
308219	35050
499383	258147
3262447	443528
1119803	659181
574403	879828
4430547	81334
3448471	174459
369963	741247
1282347	396120
2688463	632807
4796163	567745
2622687	693451
2237523	781417
2440523	52848
5118791	5491
440047	817588
2976151	126886
2751559	310697
4029983	534724
4352699	938893
1543219	100383
261831	394936
2870275	163453
4968315	627815
573555	803866
2342359	949283
3819963	904770
4761079	803789
1749831	818598
4172079	242787
1769307	534399
2580595	219095
3788767	955315
3991727	25622
4411483	24449
4203447	583327
1863103	92727
2457495	928009
371627	26487
4345247	249776
4378167	948929
3268071	868925
2025187	932274
3771015	645498
1958543	871653,874990
834515	645067
3800639	905980
102703	210339
338083	875020
3766875	566953
5054543	218488
2421739	296398
2949811	65051
496235	679759
351771	779191
3317723	10656
1765263	944262
3146691	882605
4635083	24566
3286899	439546
1639203	556391
194371	380100
3334667	737095
1924875	29871
4739607	922500
3291971	492118
3908819	571430,987252
4872863	435519
141839	483913
3818695	859188
1592503	19209
3436447	581575
4541715	356550
4145391	486392
3704235	110878
4315235	694916
1333247	269676,993042
3039367	854217
1852343	682931
3185475	716198
758931	337508
1029803	556562
2068115	768162
4149247	517887
4926775	857863
1935631	577710
407091	157980
4850191	651301
776411	890834
5035531	714785
2970131	746218
3881235	263074
1961211	716685
1375247	921119
3582107	431914
2906299	197090
2070887	376972
619243	487168
2700523	487702,492016
1997963	761870
232011	652116
3179367	157098
94095	214385,1007247
2148359	970311
760471	795984
119691	948989
4667739	81264
4502367	715121
952271	974415
4324455	800690
3900207	101810
4996143	219844
2996759	706995
5069839	354682,810842
3623787	766773
4331363	606791
4378043	482036
4310779	373077
2133231	62382
3117635	888552
3836291	898153
5084767	4523
906527	382107
4272523	470978
3941787	561817
4206995	947711
870971	208022
927195	3898
2509859	603498
4200487	332200
4847967	259189
3098091	484859
307183	897399
2653979	850720
318287	567
4236607	821130
111019	771046
4618411	85296
1631643	39003
1863363	100608
2325595	469475,1016541
4873855	364385
1478179	506489
1866227	878111
929135	1010667
3924895	294028
4553331	31587
3132907	982731
945915	857582
3231843	738138
3169087	652333
3581239	654702
3551871	247899
4501303	43094
5098367	752393
154715	242316
3727111	259153
712939	930300
4167459	801041
2671319	786641
3560887	497984
3553159	515872
1927923	741019
2874639	593698
3052651	1001550
561075	771295
2719135	431874
1805343	307117
3282943	573504
1588147	164806
736663	923736
3792899	998075
489291	642602
261163	97930
4835079	710197
1629791	85471,253242
4452687	510361
1535723	166417
3827783	1007048
