3105638	410742
3131162	456999
3000506	858307
4289042	386551
2826510	801127
4277816	419251
3120276	678781
2116062	985879
3515672	244613,951248
688962	854011
2158346	272354
5066060	487797
4503852	304350
2871938	579484
4142574	765051
971184	704537
3150950	825016
431338	64705
2179408	921389
2488088	880933
4517152	760618
2680614	382188
3181620	540239
2737738	631924
32814	528713
1032178	479355
4429530	201459
3980424	367562
645460	315385
1559462	528061
3351064	291813
2754378	535095
2633330	80393
2171792	919888
4190394	254027
2644428	411726
662478	254421
90304	57403
680240	791469
2754124	6064
4364558	701326
2285884	410894
3205570	145933
2953180	991104
2419422	962933
1509254	674825
1947544	366634
1333616	30641
3867424	197004
3815312	117554
1791424	861887
2233196	474700
5158324	36273
769072	746267
5009650	762557
2029884	362443
2847398	89417
900036	845684
630218	564689
1505234	977898
3514728	148324
1242626	754606
1265614	700030
2863646	469024
5117174	464926
5061916	57213
3183302	473111
5059698	806231
3448678	187611
1717736	129449
2916348	901991
3916738	463543
552868	146925,690968
448662	413248
2941034	600836
2397660	779439
4907576	188192
4241692	580682
2483728	423195
1292516	794048
4111196	791944
4845590	791644
3600434	742828
3614960	570476
2438014	297692
3976010	519381
4611706	732812
4342010	632474
1070320	917587
1514848	528131
1680854	612191
1193916	574181
4503422	606361
687624	608079
5087466	42675
342576	222243
1788906	966864
3910912	640944
2307504	882006
2103078	137026
4738844	196276
4028338	556511
2190874	68685
1830870	132504
3243370	133502
2343074	251487
1890832	515067
1422506	437011
1884018	255708
1620654	795952
2150596	285639
1854236	54713
3222308	956698
2528556	190132
3002318	112181
3037018	857017
2461712	767938
394978	559812,582567,844442
1538920	357076
4138550	14612
708940	162817
287610	991272
3996156	990447
2710416	975106
23928	366814
1546150	9292
2079484	185418
1336910	376058
3790392	709661
4663426	811291
779670	304550
4790536	921787
4808118	531521
1396444	46083
2937500	858927
4789472	16239
2484702	763706
4918912	466375
5045640	573090
4306966	426779
973164	494969
77418	519269
4312878	740503
2940154	315905
1303284	109164
1339262	390254
201700	908763
1120964	112082
4795196	694428
340954	164402
2521928	81860
2107620	1012528
102996	512465
936924	751561
2661210	77183
1691396	88301
1691886	441574
1501412	318547
1986960	649311
1647546	856472
51412	298360
4248770	960091
2274410	917305
665724	859933
3551680	817354
394952	426254
5044634	611964
2116980	497894
3605958	874162
106916	118892
3055760	499823
2644922	870541
4354880	848646
372392	888668
1878462	739359
4620778	425085
487470	514883
1956288	276731
3563390	351736
2417026	340387
4997550	489233
870056	419266
1686644	318881
903248	624496
136392	976858
4191622	26126
1672584	903287
2303234	517154
934466	264206
2637430	447972
1387392	951409
2973830	990991
1269052	355121
3844140	586948
4962004	869188
2814972	552549
4999380	178600
3679842	49464
729678	353107
2283102	795597
3220342	737047
1091176	1009955
1908344	528384
3891034	278080
1756790	584097
2270280	336119
4782890	328189
808112	919542
2641122	42174
4385368	731763
4047182	20425
5137660	450238
372074	22757
1978438	335808
1290306	17992
950626	610789
3049474	290313
510416	494799
3220906	1400
2565270	239043
272082	846959
3118774	968859
4808632	567595
4300518	72282
3710576	194573
1194698	619642
2693140	522146
4823746	835592
5026330	972690
3139964	532782
462468	870019
4157322	342543
2737698	490005
1951198	61474
3913872	212861
4505862	526437
4154862	444030
1564580	853638
5110980	39303
466284	245791
4660824	359068
3548720	201635
2804910	1011241
1636994	641788
3985270	709287
4397424	506954
4061408	450354
2738702	386110
3562114	260206
1275442	1013076
1850096	132413
85592	812869
3095424	579115
1846746	494375
4990788	99935
3207314	975572
3087460	477953
251250	551361
2727754	535226
1976502	630275
996376	335228
238402	904634
4243986	54211
2313884	246279
3589370	625121
3276090	652543
4687302	785556
2058444	778037
1131308	68060
2221704	906644
4150694	311972
3001580	351928
4602238	161855
4182374	340462
3632956	251003
1361358	720554
2107284	513505
1677218	267814
3222276	315702
2421248	407504
272726	440636
336616	427026
2884250	336975
2684226	562859
762204	363875
1843396	708769
1412690	940729
4733192	369500
2934284	485329
4180918	322738
1973530	208112
615922	36091
4893286	815320
4348956	207725
637058	635349
1469150	12541
3027046	390377
2958650	1014815
4263046	836865
5079044	901211
5136652	672942
672564	442563
1879568	852156
219442	808435
4681748	725064
1073622	787947
4725988	124510
4933088	728996
1105838	737139
5086702	780198
4584538	352896
4242518	703355
4788430	144646
4886106	322805
1983590	732879
3225616	679608
3046406	385988
1874082	830230
3102202	806055
3042832	756888
277064	96219
4246078	476351
356168	883118
5047054	390762
1137390	166872
1363274	471987
4479636	671445
3971554	130539
3427154	462732
3595754	627034
1647944	340826
2868612	305963
4903582	730333
4634678	153644
2982500	230614
592662	492835
474716	739162
1428628	635608
898452	1288,411342
807880	546817
2458624	983530
2766118	258683
3115680	1014641
371076	444339
2083678	428318
2062214	833341
4324428	698496
5109110	805128
2372914	102131
1492840	419598
2237994	181795
736762	461699
4996674	635192
3687434	712048
2796174	633160
74402	34742
3063382	39958
3215086	686106
3718176	205775
2510682	658555
795030	624496
2456568	732500
1721286	186239
1012614	570802
4392678	586770
4084102	986885
4935522	29610
2723016	762682
91452	715798
3680232	685969
1126338	196126
3688252	585790
3091862	848911
1875756	247626
1510082	845944
4413978	651276
1410938	879352
4597044	411233
47344	763477
669314	310241
3694030	343778
3124432	567046
772498	471228
5099432	324846
2189110	610661
4780142	330579
2130078	336983
14232	479597
3185528	178423
1758146	531443
1934260	816780
2962858	450093
2399518	269923
3970662	473738
2473310	594489,796079
4690504	912008
3800978	394816
2026498	815522
1636552	280908
3088926	875670
2154370	508369
1880006	886172
821522	879786
4483598	123579
2863144	602351
340834	634995
2531260	493813
3846276	412105
1086436	224323
566854	325523
3026358	697436
1074360	633341
51788	983875
10240	656718
3796182	854817
4894838	312731
2484808	514438
4142426	38632
1742930	682101
2233894	384697
3064004	35920
1220546	175374
1039908	7212
4879674	974562
3602512	760251
3618198	583835
1079386	1015183
3365370	589585
199594	872884
1504074	719728
1755256	327523
4788792	361089
951428	387464
562132	585783
722116	566489
3196892	435386
1027368	324542
971540	510499
1161326	681522
362446	54542
8154	173176
3211708	655551
4585746	383182
1386654	428140,574597
4514594	394730
3172162	609072
1982994	119356
58938	808745
3481824	473417
2090772	388424
2252208	103707
134098	200481
3434922	50069
2172272	918513
4381566	911299
4898584	116320,687208
1807772	493454
1030230	730998
533180	379718
1150444	907849
2522700	151189
2828518	806898,858114
866790	189583
2104076	634318
2353304	442069
5021252	339815
1776414	866157
4177342	225731
2787806	385549
5034708	651013
4655184	40654
2660380	280879
3440530	181584
4067968	622948
2725986	456249
2815086	542892
302980	135975
4741568	883291
4446870	925078
5129932	398181
583212	35768
2498578	133223
3186874	961032
535148	600681
3574870	841119
788852	397493
3816776	756353
3120852	911703
1983416	390539
4793786	779727
2467858	804813
3771886	182138
2731458	484891
2747482	465047
3292380	650582
2100882	274376
1491510	255556
602770	1007470
3912352	34970
367690	368219
255894	509037
4476640	391201
4975426	299017
3194778	90993
10108	982573
4966024	439774
4203362	398750
3508742	482695
113638	585514
3149128	625514
3272114	634997
888744	186168
226916	478762
4840434	819840
911968	947556
4492824	883969
324126	914800
5057728	446604
74876	502533
217410	666403
3106594	497055
1378960	634031
434364	888186
489900	330802
2914470	34260
4714086	982309
1444906	137566
1534620	52275
1477598	412796
104248	916223
2804196	535008
3874854	178300
2668350	76333
4823514	224853
2702622	987047
3662392	30517
1823494	220483
2252704	817122
1530204	48833
396600	629617
1429028	313656
3969636	921153
4060040	611712
3202180	21541
3939092	67721
3289784	425744
4963622	904414
3760660	946954
2926964	291002
4708354	837556
2435622	368473
2159710	658778
504870	458159
1740668	1011764
3132746	426705
2340478	784327
4218554	892832
1205168	130001
395366	67188
4404990	144421
126368	690212
731336	449175
62962	145672
958266	788331
4300616	938940
2930552	620839
4070050	1001940
2824768	918397
3806786	64233
2646118	480833
2136388	244391
1009802	570846
1259018	413639
3239416	844937
3206416	205424
2100604	749437
4453274	908759
1046618	587581
4672506	489506
4947728	474044
3837334	213803
781936	183079
4784818	688014
3754236	460448
2365338	629882
4636560	310950
2593384	430427
1064170	226368
766628	517265
4402422	42764
1546454	746298
2138074	461758
1178830	983263
3989752	360086
4155672	595872
989152	736236
3884850	354051
2651068	9831
3319206	290432
261976	980782
2277134	656119
4093092	523744
4463984	29790
4871802	305365
3732060	581451
4417540	908168
1501726	633490,902167
2642010	691050
430272	267150
3044802	175331
4629396	612500
1081042	643580
402914	643162
560468	816555
5019212	658321
3612664	440390
1086156	580455
3339894	19749
5139356	923606
662120	439652
3982606	253126
3894080	297679
2066946	903191
4147036	57834
4722844	1001065
5119924	879919
1242366	328565
600184	309534
2359022	1005095
4218030	171600
527552	95257
664262	415249
4959092	838338
2092862	269180
262604	184486
914844	631479
3500014	537826
1475358	99
4126038	21269
3865766	364186
816022	180404
1027652	559273
456142	873222
960238	1009843
1993904	785935
4403814	837241
2786294	543078
1459442	390514
2373234	89723
1813078	577560
3778366	364697
2738236	799098
4638914	729382
1470284	206580
3869056	557724
3187092	789279
3386424	870297
2423846	349111
1446946	799980
2563112	441222
3513302	26630
499556	1001583
1277930	720238
1624042	848546
3268830	916473
787324	804121
1731744	37683
1978262	264699
1263396	374566
3648950	7054
2805466	767390,897616
1013622	498266
303540	389732
3806784	513472
3422900	389770
2188144	485508
2851852	894736
2752962	663008
4543640	407431
742326	657790
1666994	173885
166308	740454
475628	888618
2856572	144145
2724700	163979
732402	1003150
4106596	632737
3867220	541349
4676678	438062
1143514	69612
2539492	519378
749072	330455
3834262	904679
4703994	970419
181850	887794
4305180	738170
2028176	203591
1216474	91468
5129942	907595
3451102	797718
2669558	199250
1319140	206245
4155324	26436
4779422	756207
4466964	727594
1706562	52447
3289622	879846
4594946	248479
2853780	16820
4773596	663686
1139104	911892
4605888	675704
3419496	86803
3867364	736373
2692620	214036
1758094	261725
2696802	228166
1742918	535797
183238	738518
3004506	271657
3269550	575389
207208	585947
1378698	222578
4417812	832814
2850806	19653,446507
1535294	933100
40552	865906
4560936	756035
2300482	1001332
24306	295804
3034696	860138
1945046	592291
2444790	155907,833698
3115188	731279
3447672	785793
2592820	378372
3778576	749554
23626	484739
4340160	570380
5107334	475325
1050734	684188
3639394	177861
2456652	376183
3821924	175922
4756124	134137,929484
3755494	175696,973680
4108798	863172
3999416	931475
170816	965552
2689680	488302
4055906	33826
33658	801893
2846864	897482
4324316	717181
2839690	260076
355576	819636
3560272	308827
689992	425317
2161188	658974
4521202	887416
2982796	482111
4908352	509621
1989808	379555
597956	315499
1599902	492994
3102756	206328
1271630	842772
5033236	574879
1118168	625503
2365344	114029
482066	375393
4523296	41866
2414206	816592
4337988	89427
4680734	352825
5056162	989982
4656308	219340
1853022	382106
977654	682975
3003680	635006
1199800	22395
4626350	261132
3370600	499578
1714364	531387
4065910	136343
3931094	1017515
1393172	717930
3885850	636546
4060206	869303
326278	555246
2207546	497344
282006	182939
4976432	711028
829792	649418
2322820	899540
1490724	73908
763690	823263
2857498	992636
211298	314804
2955752	810508
4684930	231537
3054946	657261
4846910	259951
3452588	898448
2180146	522264
319132	358095
3698286	690691
976492	561990
5142562	957887
4401676	120362
2576368	518850
3862864	714488
1532964	165397
1783990	317862,676246
943342	149601
4033994	116634
2960206	152458
4589848	560762
4533672	991732
890416	212669
2693518	71174
2964774	278822
2023798	247681
386466	861866
3216916	419594
2423754	655177
1684542	698893
1526146	2459
3371222	370448
3652914	485127
4652608	74511
2589566	666811
2004314	565984
3074690	740169
3806370	453050
4801306	77982
2726948	651300
4823934	129416
950418	463497
3135050	276172
5056880	890505
5138546	747737
1182430	929933
3386072	914633
746054	216060
4915446	537524
936984	936062
2199880	494037
2855372	337757
1151616	741935
2848150	881630
639522	140739
3318666	623435
674508	480025
3893528	298789
1523386	876653
746082	187309
2316532	749338
3538902	280009
3363272	710105
1762418	265521
3524876	875418
4151050	499738
4608324	543517
215364	876090
332450	411468
412806	144154
4895132	304994
2424232	659011
2369492	112772
1409914	579067
2242714	319992
701392	55459
2491786	841747
4552696	292177
3677116	773973
484344	705481
243862	704842
2135012	280983
3530466	856927
2180510	787325
1156454	478732
2963094	566349
2977338	756905
432556	27027
356362	684998
261996	380979
646578	626447
645176	110221
1738162	726227
1462172	783794
2320918	512902
4769252	457511
1924468	103652
1311676	984305
2610928	868352
4951040	302550
453552	883291
2376136	20930
2218824	638094
2882096	387073
3122784	1003021
646288	961799
3988846	973969
4371354	358761
5120216	584273
3547450	19388,778750
4745108	962729
1682250	329468
853876	394613
4211374	415393
3338448	20493
3435804	772879
4325268	973832
4331798	71722
4124236	910845
2990134	318102
3090840	903287
1847768	724878
2916786	251977
629276	192394
4622370	396474
4823476	587596,827115
1840766	516837
4963248	561614
2879666	596126
121226	476918
3919220	954497
612592	818547
283940	995515
3532530	31538
3728548	607996
3965204	842466
3450318	969946
841298	909909
178100	195196
2346590	345454
4398034	521223
4550306	680273
179614	482708
1610808	784347
1375018	289857
4888996	412117
2004294	574005
3900188	825207
5141136	604245
4853628	612866
4268086	237190
2437914	89345
5142056	925318
432862	781817
3893962	356984
1078022	115217
2403626	669435
1042356	618317
3087972	475783
1661652	310373
3084172	423674
4308702	884510
3269792	921439
2776148	275177
145764	482902
115678	729158
2355608	615055
4182808	991825
151728	817719
1770218	1002299
3843506	622502
42000	24764
162426	616005
3858178	207479
2421556	857049
3515350	258959
3972598	301928
3843430	261571
3090694	104825
3801744	655606
3605170	689043
2912234	396937
3367146	872591
1843174	1016063
3941546	167631
1463472	775263
4623866	441002
3390024	904208
4584908	144470
243678	114610
3694214	186612
3754742	56041
4361086	945759
3715576	1017188
29468	978473
2430996	237556
1781194	412612
3912236	118023
71882	603288
1901554	174976
1753258	677915
5033158	309157
2562078	500673
399126	101964
645592	263779
2420152	776254
3230030	720941
483046	640701
1546792	363311
654246	29584
857250	997794
817146	403483
206390	187323
2205976	614047
1141036	846055
2000940	343823
1720588	454005
438162	1002844
2674482	466904
3576862	603485
4219806	734356
956714	825478
4654246	600776
188702	533432
539428	821305
4811492	949324
4699782	54971
752740	265162
5100522	343853
1764582	713908
3646720	291897
1454484	38213
4397442	956412
3875194	579526
1039172	129038,560709
3894160	326345,862527
3211558	365105
3720100	118078
1435390	981903
3629812	434813
613880	268766
2502818	625172
951136	642424
1262954	259059
3150342	67216
3066248	629441
2052786	231734
752568	439694
3881880	813810
1487838	939278
1294376	858114
2230312	757547
1301138	719440
60692	922152
842556	969951
1271592	420310
4257524	838085
276142	442107
4763800	817919
2847680	984291
4099840	461775
5079370	18061,517556
3753422	585839
1407534	367257
4661260	124495
5088078	913594
3716622	660160
2562818	948134
4502938	424983
4976076	487331
1722898	1002779
4108780	136827
4048274	442742
2384724	192168
4292832	220597
624100	1000808
2901520	880440
1300650	709763
2667430	54220
557828	860208
2509834	754693
961148	399721
3691086	614016
4518532	749122
3263014	480578
3217962	683804
4731832	411800
4438646	766784
3815308	554103
1857260	758109
5044786	555299
1014296	669501,674465
1348282	47918
4840826	507345
4578250	948644
2144682	147436
3413600	835248
4068402	282678
1606634	108319
2314778	719773
134150	1017871
3157384	266372
4066018	428961
523356	254566
405260	597107
952142	722625
2269018	788566
1883474	360850
3684068	847781
2032668	198278
3665184	854861
5151230	88073
474542	150534
3529838	940248
3707354	148510
1613806	424858
4314490	770627
2111912	270915
1811268	108855
3881640	949507
4078684	89296
788044	300101
2632174	271783
2527350	953979
2014664	431989
5058312	650677
4904710	190159
4667942	53473
1774948	702398
2886152	224253
1717738	158244
4717894	106,734315
2780506	112289
4472958	465973
2918584	973858
386172	538201
2857238	843679
3446108	205706
3009068	784681
4290386	467301
349988	452233
3524960	1011726
4249480	355996
3991256	356224
589520	488906
1500526	612004
1998170	384905
2109608	72256
2386188	643233
2857566	69778
1658564	114397
1877036	740004
1041668	827661
4379782	356104
2847386	103
2368846	492509
5162490	756609
794130	615463
3652676	604351
4752340	498064
4160442	491597
2285934	584468
2046230	821093
2706796	610478
4601812	500021
3595350	908508
1989476	262943
4944814	113355
3977716	691662
5010640	193694
1958054	121180
4818470	278444
1033774	241942
2506794	513410
3012546	96665
841248	108041
2986540	130435
3006448	584366
1796192	999335
1644436	615618
2599752	256636
4662170	281714
3557878	131671
821546	974491
2478632	937905
2260224	147137
2323330	887774
3379570	971325
2424978	639150
1408252	21683
3984672	317132
2573272	173347
4449752	450675
4684292	156583
1093408	795382
1941238	1015862
3308956	147785
2805156	317992
3033004	996789
1376634	84982
3757012	599126
4610350	803558
1326344	1015886
3203214	507617
1275702	534317
695502	1011029
1203362	802161
3587656	863728
1042152	203766
2522622	478979
1576724	169741
4009106	679046
3622274	435643
100670	919460
4481346	36670
2852608	814078
3456108	466011
4331492	296977
640022	100397
234352	523689
380532	229123
3824952	506621
3586024	630813
3008368	798642
3564032	909944
216038	881576
1664744	493919
2967742	730040
3183022	296266
981696	870170
1174502	933976
3689882	904165
2506094	706886
874594	145825
3619936	244982
2481552	471842
2156416	331801
3367834	1005709
1399024	579386
391480	998444
642040	778639
222342	551409
440380	619
5092182	230305
353332	682255
899764	340661
2630320	623564
2256302	347674,609876,840054
2480052	296031
2647206	358143
1425826	929665
4880752	512084
5056910	868796
4154592	284040
347244	283858
1686524	712014
3257948	284961
1315320	944826
5121988	570308
4692052	733362
3267516	744929
257756	661962
4924528	310619
5148576	96998
419986	216165
64470	935119
108146	956829
4583642	210212
1787740	819483
1545548	990034
523084	786460
3682666	974911
1234376	274715
3146670	456791
3538882	154683
2389724	881100
2713746	260080
310060	588343
5091504	99832
3103414	886879
913666	917435
2863736	675694
1427458	648443
3170196	973138
2139082	811245
3452744	795711
4169238	932713
1364078	88478
4406740	809293
1511732	913164
552144	783905
4360480	404749
2324876	10978
2468078	522719
4671586	972740
4682850	926272
3736054	882046
4190224	917645
411728	875232
4305836	937860
4067284	616931
2902938	973410
1082678	301341
2555712	580628
340398	11093
4048086	260307
4775390	984120
4445002	135577
5052522	333216
3187702	118816
866334	731013
1160964	740126
5014352	230573
301980	364500
1193380	684219
2267738	913365
419826	633613
1036054	315572
3040970	357440
4517446	351297
4488018	569310
4059952	692173
4383618	1015063
4496708	777743
2882654	977634
2482120	902331
309898	60977
1269058	767821
603050	105182
3716408	630838
4515264	310379
4591890	852097
2409550	34963
3362170	950408
633258	133726
4476300	579962
154610	115869
2979112	426176
1230604	530826
2264536	966939
4390588	993598
2955050	718259
2534366	470222
2925034	526910
1285138	169415
4886942	762400
371178	622389
4550048	603893
3579060	205424
4405864	328123
2429020	581100
3292372	156362
3129888	795683
3058198	467210
550080	436781
651166	29229
3787090	301145
2888642	169338
4658948	964674
1260684	136635
2060356	756358
1153176	577224
1127648	723667
3635040	896247
654472	464866
1445072	103785
1440432	82832
2838850	176303
1410360	197544
3380456	913359
792494	647410
2965310	616861
2021054	582500
70574	842751
3227308	407733
136964	986873
188054	39764
61990	302609
2987254	557213
620658	596507
901540	412325
70176	238281
1609466	150511
3309504	386371
960208	838075
5085514	114792
1281342	371281
4614568	370452
670970	855917
3915748	440937
1328588	205833
4624036	79804
316320	732070
3001712	172139
3198480	486922
4088510	34827
1954700	107765
3798378	218704
1187702	868068
423820	660198
1414166	208095
4386460	353772
4196840	552713
854642	704931
2929648	600009
138302	912266
4299936	422125
431498	798465
2266306	503195
3207566	943692
1543828	137745
3161588	125871
1122546	8573,412703
3883434	965517
2254026	227274
3205298	945124
4172954	994333
477044	225171
3975862	228811
4050274	62330
2426346	626173
1585936	467043
857570	183042
1919944	320329
1720802	156574
5099668	126032
3885764	95528
2263630	46688
349914	252273
4622270	728683
2942644	565077
3293396	108099
444376	358111
3997640	413655
670398	897591
2228154	221983
1138	592267
4786638	343130
193618	530540
5065620	737441
4063028	702615
1364080	869240
3656514	431580
3841206	434723
3175152	925328
957644	346325
2866998	532900
4214354	442880
3076472	259242
4723258	265648
1457948	479562,594927
1880438	476142
2979334	931196
4050756	355729
2686792	780964
993596	485829
2232388	64151
4044076	933070
4313108	147127
2584442	626121
136758	526580
4478202	791112
149090	932200
2017400	160400
3922464	242817
1248762	611082
1854830	656226
679434	898047
1721406	524100
3352544	911276
1836428	734547
3864954	400288
2290512	336805
2564268	991487
2147796	484734
4765634	111489
5121300	808007,907538
5157264	621600
2729014	329015
1360692	345584
1779020	805458
4551110	859846
5054764	908753
50082	808722
3575352	861399
5057288	316322
4053574	635608
1508400	288137
5109118	970782
1723760	135822
2028522	769678
4777028	435632
1880862	9552
246400	80788
1671390	312112
1789948	633098
4219216	997874
1252124	77100
4936462	179954
1527452	34637
1643956	128110
1524836	235474
2663946	830615
1269878	1003108
282080	188056
5099756	188421
1611744	504249
3197502	153617
1792048	869723
205536	244139
4329880	765777
2333424	540237
4828362	100709
3742060	437648
3319120	802559
2545912	566556
606480	940193
266650	184046
4669870	232803
4105312	991411
4701012	652630
4171562	377143
198522	229507
581588	130412
4974842	133789
1685790	262324
1755636	614120
2792680	137129
714660	115868
3900086	663355
206562	273287
3840558	758382
4756886	723821
2112302	212143
366850	636343
758304	318062
1235672	692143
1788482	990244
3275580	606133
3967228	519521
1501730	782988
5095616	531779
1010564	866865
4614886	910495
2223052	962660
4838246	150446
2606252	483724
3524274	677601
643192	780311
1315576	995300
1839370	586324
3557186	714785
776878	6997,330769
1263944	43798
566796	52625
2024698	934796
4994254	745084
3357970	892302
4007492	747540
1402604	942709
257772	1009575
4817818	206389
3583354	206360
4672194	403593
2347362	932471
2277364	487956
2027792	537421,637852
577398	135621
4332966	444090
2386978	973550
847428	587951
3066222	234508
5075848	419902
1868712	297739
2127048	89257
4073754	364369
138964	3987
2574640	718950
3400174	956510
430750	1012423
4672548	298702
5118962	541640
233074	193510
213914	949554
3945440	540364
1503068	431070,769575
2332460	491307
4499212	358708
1801338	268896,756936
3163450	529785
5107830	915391
190894	832329
3846834	41365
3161936	145639
1450116	469261
1452524	477421
4492978	409973
3717410	631666
1131286	476741
3804742	495196
4673782	511161
1424814	937325
4348360	12297
3217342	381844
1019002	244840
2052558	50872
4070746	582084
1388148	83198
2600206	385849
4600326	681622
182804	398709
2554612	546290
5108114	165089
4819106	447324
2438086	991850
4895780	558352
4621958	883670
2700676	13625
1145804	739732
3524596	901063
4533334	159044
203244	278745
802644	146512
3435664	851054
129612	364857
4059990	491535
334422	788268
2881710	723953
5015220	310608
1591252	427232
232472	584750
2535510	809893
2025178	917643
3512170	14896
2327232	613372
3539734	782708
2147704	776663
2953264	7539
2711310	593329
258372	534889
4046966	592612
4271904	212874
3136976	239637
1808446	398519
3965634	300169
1162238	489583
4718804	395666
4341340	151189
1441558	397255
1561010	399591
2812740	856623
1907638	355951
4895610	710411
2367792	983131
2360808	38455
346570	129570
4266954	584402
2625604	806783
4764750	634245
3803842	147319
1878134	596292
240184	857161
2662030	666389
755516	1008230
255186	325313
3301630	948017
4832160	174145
1658892	335739
1906628	398512
3029442	222663
2823088	222433
3972894	970549
438512	541208
554792	898430
4391998	622074
2444318	528017
4643158	156064
3565068	36143
606428	297640
202872	706141
4240864	915009
1668102	795732
4926878	496751,895504
4401058	18751
2140484	324361
3233336	697995
793602	849661
410034	908525
911842	212809
3737278	288286
595106	501145
2745646	287686
568126	89440
2989844	609027
3199874	63939
4896358	729699
2113854	498450
207994	346165,684659
769532	3992
3705458	322681
4670864	481445
3128570	259502
5044220	393938
3948338	350729
1991842	390571
1989692	110072
2486906	645548
66660	644515
2869676	949910
141790	499637
3376624	363714
1272086	752421
2440894	306574
2484262	282225
1830824	227787
4024742	657556
1884224	265411
4313570	701596
3200894	597731
4636638	809541
2940282	135301
3760500	298010
2621574	405994
3620032	400591
3638058	500087
3292504	3340
3355574	718084
2606200	635709
3181310	230910
1691136	996655
2087574	121759
1227720	332900
3638740	766041
3310414	319087
4047886	440571
3366450	161976
783824	812727
638378	223374
3561100	377466
2780662	147796
4267600	366223
2101918	691849
892200	172236
2861942	393998
1041700	918049
1437156	42346
4937038	588902
3721486	175227
4875846	909576
1054440	332684
4210652	639523
3628548	818137
2678768	841912
2938216	941537
4804716	416482
4940726	317363
4312236	884068
1039234	880624
1403028	275540
3250586	1015075
2535248	452739
4764746	884165
794120	123783,142020,481032
186504	900380
1445700	515857
695114	562012
3893680	434973
3921392	207590
3550158	119022
434400	897643
992766	539575
264134	127773
1120910	89276
4718270	152721
1520382	143950
2159986	902246
2819302	998766
4645394	921086
3465934	782760
2067938	899361
730914	143616
1414360	643487
3051736	820232
2883960	25127
3590424	794615
513698	583076
493382	636135
1260948	263235
5104398	461580
1555694	844160
3596366	66196
3106376	223399
2356890	597737
3414202	274055
450112	546494
1612	513087
3548268	105257
2109492	837466
3130334	932047
341028	664122
522840	649666
5082060	893768
4923076	383638
4664642	133145
2918960	132389
895580	822492
2340834	900243
4736620	744294
4078150	926558
1525986	311665
4524148	583851
2870796	263556
2165988	561196
4458180	697352
2708358	864199
1042202	730759
3230724	960440
3886298	612080
1493764	661321
3418880	711028
583002	334616
1791554	198948
3694512	185975
1365320	738285
1537324	138586
3760164	171774
2100192	557708,590925
2533322	812267
2814470	99837
448944	31979
3609326	242283
3329480	38872
340786	398457
1261292	663582
3513990	301692
3122676	369411
591892	803092
847074	149409
408834	455279
44526	686752
4069270	61441
1712768	677213
2292730	620632
1212896	605564
3533904	885803
3956588	444573
3764110	944443
1185686	538984
300106	167218
3975176	855810
2394414	314053
5161750	953531
617842	541631
680118	175421
4657862	178639
2060766	276423
3754486	790533
3402576	817855
716938	458107
3420806	898262
3677266	1009711
3166170	724562
1449570	703738
3953414	648280
658518	129428
3366022	354359
4350282	971264
2691022	800186
1912834	743875
813468	611763
3682408	551245
2414506	87878
36624	797699
3976406	227085
3306004	533390
3119486	349140
2273964	76778
264846	486458
3470204	627328
449388	114628
1339012	112382
2330400	513915
314548	455681
1062644	546430
1341806	668754
1779796	784363
2531802	850475
3344116	23927
2933640	700300
2399256	203501
5050090	885808
2784482	324076
3402452	922237
3278690	658840
1499830	349890
730324	6143
746002	695959
2505708	999600
3293472	124175
3513998	156684
4753098	682507
3476136	870692
4678484	280176
4368308	1017768
657438	55362
3490160	58824
1851310	302337
3110316	400065
1113026	60353
2437508	613805
3885926	256493
2819008	705151
4854880	804282
3232508	470900
2558896	616243
4370146	626279
676676	21614
1157460	224486
3520504	266726,444931
2591314	625983
5069768	209205
3365940	578063
4971888	21838
2992020	177168
554894	273080
4299226	99585,647852
3155906	872546
2371692	659194
3149538	207509
1612182	476259
3100742	164651
5114954	782982
4846094	747001
4136792	578383
3277114	625669
1444258	407432
5094960	763100
3863520	186718
3734272	55497
2544580	375551
2908766	471495
2132196	923810
74860	1000814
3760880	971636
4103912	349932
3270036	378684
1227514	870076
571096	62226
3919004	191495
377058	409115
4267906	324738
206826	441705
4557678	471109
1015620	658080
4857750	22644
1673106	770385
2939864	410257
1889216	361965
379938	15781
4216486	699412
1049262	971672
3649650	661948
1812684	213903
4003892	468604
1618520	502600
3006594	237014
3053082	432072
4280386	409730
397704	1194
1185272	325786
2115770	18109
2795838	570846
152262	862797
2643434	286619
3309582	895939
4463936	150067
4691410	428456
828788	989630
483028	575270
2103570	137520
811680	407017
4847258	679297
4578378	160708
352970	891404
2221526	286760
4321484	289258
1132490	92246
3246422	495751
1212154	43599
2634532	731130
2990354	78261
3976496	337175
4859138	684455
2097986	313131
847986	834931
2127002	465475
1160404	395681
806280	119250
1369230	307418
4832416	350525
3886182	132384
122598	980501
3798666	134216
3598126	838667
5040816	484488
4522344	590441
4230018	655849
2052456	477302
1546598	21588
3438336	352449
4591606	843660
2844158	478991
1981902	312094
4009322	311191
766798	824913
1962782	907517
515784	686441
4484596	671845
428826	460687
1415928	484198
1506024	654228
3401526	175832
4611146	504179
2398284	684050
4028504	444125
2481222	89220
2119758	881013
1883850	591205
203038	600206
1881260	343574
3497696	516407
1025008	700780
366530	187062
3626626	230367
133744	125191
4427844	409680,936154
3174570	943218
3184730	97251
3020794	444262
4160838	253978
1132016	936157
3251198	374496
639122	663403
5001314	939172
2195156	107411,143274,870881
254490	375065
3763846	782591
2338776	686982
2888006	718793
3244134	161064,346476,603064
1236652	208727
3917896	566196
2541110	708852
2105374	520049
4221098	422112
3580108	655140
3155674	685847
3045440	508286
436284	824352
2277762	730406
2936114	704099
3996792	32531
2045694	575769
4168154	625638
3193110	136055
2138354	281586
3883484	438255
78800	854473
4662054	313181
5070496	128065
2621256	325062
2446138	970739
4733990	883485
1996070	837698
1512748	430536
3943220	20015
1349666	888088
574668	145532
646036	816506
3752008	322061
1405674	718608
3737976	771170
1868880	637696
2997416	885962
5158604	163709
2746598	2070
3640380	783879
4150212	503214
3960190	673124
1318572	375904
2389452	589163
2011402	711560
4764578	901271
4601998	264716
4542568	812747
1558300	863143
3654822	165731
1282638	978379
3642866	540116
3613472	732805
2888286	359083
5047474	677641
391260	162440
2840822	617985
4993754	578184
1491582	628284
1078094	452336
3218384	302378
1344014	343939
348044	237397
2351064	384544
2045786	893466
4467626	38270,708158
1055904	333651
3459820	224349
1628430	825367
3844824	717783
2088356	162226
4395540	670332
1544060	81807
364012	14306
1739760	17572
2786532	808578
2068976	185704
2338156	719198
1169462	273138
1674618	688014
272276	970331
228766	1000085
1904726	985439
1956052	314322
2531958	886575
1290730	541963
895280	522657
3732914	217811
3194936	482363
2793036	999428
1258202	650610
2278388	763326
182782	845064
2285630	929361
982410	12207
2159634	710650,860890
1395562	954265
3327166	966038
2386354	813668
3015570	485344
816390	206379
2485352	192192
1525438	863646
465810	256911
5101892	439543
2577764	38304,621747
1351912	620769
578500	173435
4421250	854255
3026546	897129
3792904	413832
3718110	274200
3765336	290453
126508	183917
3790398	871148
4664728	438520
2745874	60247
338358	21192
209392	635718
2691582	355626
214846	643
4694826	350379
2425538	897398
3042376	347573
3624288	200947
3392136	482905
2563250	295830
3854406	148744
3507552	629420
463572	913252
2091174	954478
1642650	757290
4443968	284877
4515520	664931
4336954	896252
4150674	291960
1258858	187369
2252398	797102
1437134	286045
3763484	361232
2355316	652519
3250020	398024
4712130	390145
2292610	986066
2997558	26873
1151162	698079
3401320	384727
992044	566819
1305548	294844
4475830	160889
1472874	1011579
5076806	615696
2726532	237341
4330306	328130
3754186	497126
3647054	432666
2370982	815383
1049580	24232
4735938	612717
2353954	343959
4964640	41143
429708	33661
4083574	293514
2761782	333084
2304016	968403
1463908	798954
1588734	1015341
4415628	870591
1036148	966639
4895788	647927
2344848	45217
4239860	26318
4780220	416964
2580018	471937
2206282	649647
499858	247768
2804448	418558
4508118	476958
73642	289962
272448	437087
2815994	994694
1299828	888015
84428	156148
3121186	994464
1406564	894628
3252198	327596
3163726	348694
245768	672822
956418	234102
3274700	194650
2462672	352261
2809958	624236
764410	350915
2022076	718302
3044062	453222
1306612	771047
3894988	1005050
191098	344907
3074914	622667
4258698	698420
437228	747508
664372	325327
2963574	954513
3962618	338476
3069304	819197
1982600	94786
124868	249199
4426334	931332
2031896	1008024
1677746	196175
2247990	516846
1110820	487029
4849148	804548
2417040	405618
1205026	760472
2869998	93404
1166652	436526
407610	696398
548670	584530
1278322	879150
1737538	588193
4613508	694230
3575728	186384
942804	50133
4226448	913336
1675746	579426
2403228	741796
2696540	135848
4995608	529475
571706	816128
588498	330944
1010368	319891
482464	908690
4616652	494002
1759558	375858
4785652	751542
2856386	434898
2279428	352556
3892354	669108
4024836	312600
1318586	586104
4977734	577754
764752	24106
613316	951855
1628838	349440
4609082	184118
3681278	875556
1083848	110878
3897534	92953
2504546	15849
2063996	572807
2653636	141260
2796566	968743
3253368	97230
2076980	477394
2648652	680805
4511196	840990
4286868	669133
3418596	273704
3819064	471224
2352876	314885
3434460	841511
4158272	92015
4076594	450987
324400	883261
4387240	937335
158440	779978
2706000	649116
875602	196751
3418196	508445
3445810	67638
655352	681427
2978180	354167
2608622	582645
5017514	543069
3329950	644236
289686	576475
2686248	108018
4713550	193717
2356332	306724
3332860	51809
3618584	825319
4983878	735625
4740914	34500
1232206	381845
2635036	788902
2392338	743327
1243206	129352
650394	600309
954258	405522
512634	174637
2472136	346872
1462502	620653
4311600	231800
4439694	46666
264220	125920
307874	254776
2053258	643943
1976136	614217
2266760	292802
2690318	658466
2510560	843203
5126292	360983
441558	211986
3290886	468900
1787596	481657
4313336	267705
1204358	594108
1256502	52699
4831980	723100
4083502	632343
2430604	197280
4493248	808334
1032288	493570
4245546	565274
2124338	335246
4221238	339091
3599308	203834
2195460	563699
4004350	563131
5039022	648965
2033770	674314
879772	136680
1312274	110536
935918	577306
260528	97280
2348460	498519
1827824	333393
832834	460728
4872066	435069
434886	930954
4280194	284365
4676652	690848
2834504	295246
3376128	269805
4924780	930904
562184	151960
1029234	575922
3763168	689747
3566348	921486
1115610	744449
2968100	954396
1692326	611948
4465966	813463,821663
4671152	451271
1781972	741165
1674720	354892
4989376	901889
4168266	609517
4928882	651007
2561562	716986
303622	861014
4599506	159452,800629
4426114	565593
2330498	620711
259824	422123
1017696	977204
4616642	966117
911076	171741
1223150	874067
4015794	672962
1244438	438916
4441142	683979
2083818	996567
4569450	218594
4645512	654934
2822672	97568
1903224	441476
3838542	649759
2613238	470916
1731952	406952
1893438	161094
1295634	185394
4195868	107658
693818	61803
2364096	379728
2286162	223777
3992454	17030
4816270	564271
2456960	218663
4123544	212540
557362	748075
2739898	211228
3352536	446443
4379264	322205
4076578	35391
3732494	476110
936344	781938
2612530	938139
679172	54613
4266382	682484
894842	280457
2580814	204505
1674674	894060
1023022	109275
573820	455198
1292894	633338
4321072	803393
35194	724396
1508222	286252
4214526	82174
2871472	1003791
2016482	719262
4301762	822277
286894	1013978
3736086	687304
142692	191317
1961590	582099
3178612	876437
4981044	990550
1471360	768101
236820	1005224
3637376	313914
3403584	212299
1396382	404315
2588556	6692
2269742	14880
3137996	927189
3335706	244134
2706628	307773
1144468	50628
2980454	505393
5067020	346694
3222196	568572
3792414	952961
1328608	174136
518000	987046
4568080	172942
46810	636680
178070	952252
2874712	147194
180850	753649
4471204	634318
2560716	711019
683124	58393
2515418	443934
3803976	353454
3324676	538338
586940	423969
2175442	1009318
4817432	316182,337958
4389304	513678,651720
4068864	7131
1831598	493885
1985302	93449
2596222	25182
3633468	306081
4598030	710438
3230974	413085
432334	113201
3942492	437454
1090958	706148
4561866	92176
951016	17724
5057846	344507
2134404	132342
2966072	53615
2409936	832916
1104344	649974
4292046	45493
347302	618626
3579204	946844
420250	474874
1541734	363143
3715084	468821
1304646	141870
624078	285757
1220876	424080
1197178	881086
1276812	456347
3687820	75076
2898560	533996
4784720	706814
2272250	960618
4912366	703659
1994120	41261
493444	399097
1477304	482014
1877402	404081
3958712	982686
3685736	79823
1141732	137265
2546056	990479
1922020	860119
834216	623628
2541862	968053
4225012	971308
4333182	870809
3006300	528417
4070692	372937
1189756	309646
4438708	398734
1558044	463832
507822	133446,424194
1772232	342196
3051030	494940
786938	258087
3769450	358899
4570148	600196
585854	386331
3190508	586429
1876212	737227
4965540	809641
3865598	164913
3652752	994097
4448768	454845
314402	513880
542516	949433
5094262	187736
310632	439938
3687868	156043
4024048	887769
563306	933681
296548	243740
2461394	200477
3028022	331872
1180460	736542
191502	321846
2436348	345012
1472082	134157
4456634	736795
2528352	906919
4042212	964285
2560262	366921
4682520	986153
4955418	579524
2885080	121671
639846	353653
3572816	693984
277156	174978
3404500	522421
703962	440455
5134278	334387
2352078	813720
2411628	664359
572368	540901
4187626	556595
4435426	790306
4759006	770986
3007018	318342
4630054	786853
3042008	869034
320252	981823
1471882	82811
896080	221361
3798552	189588
3100404	1010120
178228	780829
4063266	105282
3415092	769312
2769020	180225
4798010	925089
947480	177217
293346	779060
315280	979687
2598932	599740
2009944	698046
1905936	255878
2101968	591114
4612802	20852
4190800	410774
1546520	821322
1683522	812998
180380	678376
3671702	985481
3632370	605308
2899794	373241
4344948	910681
1233922	451740
768728	175906
4939118	157747
401234	141048
3182272	950525
743764	911376
4255104	326335
4329846	207705
4567676	204093
4221042	353601
725828	91690
342784	71155
1732958	263308
1257570	536030
5141308	538827
3043812	169945
5146080	760279
2662754	733669
2012286	879761
3151054	487000
3859240	749066
2723692	90385
3075156	328379
3832160	62801
3289460	144362
3988450	679207
1662792	606980
3370482	810839
1946982	16235
4703726	628992
3412544	878309
1795118	224419
1516354	388980
2375224	659392
1141190	251905
711574	684816
4611858	276364
4736400	542869
332574	679455
567216	939656
3274708	85340
1821750	692153
3070938	86385
2341222	257353
3018564	419454
5060058	418527
2957054	755005
2526064	838761
4383210	694466
982208	924354
4217918	609234
500578	56808
924464	729018
3242496	132444
2966430	832684
2291814	497619
1549402	806540
2476694	303378
4847332	739712
4078554	559631
4030570	445130
4424300	807875
4201682	352884
3438752	3328
728814	672569
1980124	880236
1425226	203124
4218598	268565
3031354	372315,694443
4438446	630620
3197384	341462
743170	309158
4650996	424329
3165450	949741
1926022	410248
4943944	104585
3808246	323615
2106466	531631
2958042	762279
1258684	180958
3840006	968528
94714	354084
1464568	555575
1243404	208836
3715112	11140,678549
3183778	912707
2161996	682516
4787832	680539
3638422	493027
1250062	423368
2477022	145874
4913908	456553
3167354	916304
2706646	218757
3819966	862437
1996270	222739,605269
2664280	492725
4154556	910124
2972638	189294
5086810	314270
3187232	739793
4296868	122606
937712	443410
4230490	655127
3713894	102786
5007728	746129
3688094	183438
693928	981009
2315858	1005419
4927944	293154
2490884	880194
3237034	701926
3305770	937677
2534300	159697
391678	347142
3717164	365767
2066450	170741
4227290	76257
4046962	395148
5117910	147983
668362	657362
2046746	863587
4560830	610614
2202518	222823
4852336	137410
2845418	222621
4090780	857482
4762096	265144
1398614	798147
1977654	823342
3504146	16049
3154304	959834
2265102	237722
1061544	898570
4021570	628419
637374	781411
4826576	80444,431070,534266
2478128	900482
870962	969017
1071550	1017404
2947322	54987
353890	542710
2004474	677894
3115160	407069
4253188	722994
3748720	281050
247214	785996
2974510	383020
170500	47240
3775314	918957
1436162	458794
625228	642541
4680704	693499
2237570	277719
2287834	52123
215160	886475
298838	394480
4947400	886838
3670218	762363
1342322	851230
5123296	193744
4283148	1010797
3438088	579743
1784488	585293
1006710	760347
242822	84199
3363470	888946
4265726	817106
644646	65555
3381156	517811
4606966	641359,890084
45114	775972
681578	585330
3990660	794942
3777316	961207
1838988	562717
4465062	726245
4419276	200640
2815910	712066
750464	218926
2504202	397908
64308	748591
3677846	512457
145858	580582
333156	493950
4139342	221067
469212	60378
3740596	125800
1646304	697843
4288454	114184
1446218	694572
1511232	499872
3345192	160479
1156528	371035
466368	675842
3003830	66971,317369
950958	683079
298636	641198
2162230	555539
4886440	72755
4173806	215087
3696428	655305
3104344	841963
5026636	753403
4856304	51746
4267602	373595
1155704	891537
4071246	970335
2680470	630569
2821898	414159
3246958	323146
3666338	253113
233072	946123
292674	913440
4655522	144761
1470824	267936
281502	671150
4911660	842923
4769326	31113
4842898	202671
2051870	558680
742436	591561
3673498	312986
2627904	581734
1891122	35634,295961,380998
4952366	267575
961780	422008
3712542	740511
2922636	173940
1426098	299817
4064472	820122
2825874	864419
4648514	921578
3056330	103442
1691766	400945
821322	861359
4364844	26637
4697134	89821
1669740	181557
2086632	944823
4124468	31343
2351062	20653
1371304	50953
3543542	234919
3643408	302692,1015187
3900510	172054
609622	756878
3018524	931239
4827158	679210
1296792	502313
1653614	684802
3233410	913995
2146264	55362
1691842	852416
1501342	955882
4610774	756481
2495160	441908
3834400	518918
1187564	709246
1714256	533828
59982	55458
3381330	259718
266620	29239
686034	342611
2442888	893337
1631834	946724
3459028	558991
4298054	38108
1001604	111840
3758030	62568
858842	478168
2902508	654786
2963226	796035
2539742	508530
3497066	697652
162504	14372
367382	839666
2011900	463902
3059414	564158
4943448	878563
1584	417011
1082306	956665
4635868	552188
1224652	657571
1950374	370195
2489992	377371
4000194	162854
2563030	532930,1003595
2777438	675303
2117924	582695
453516	727334
134534	15956
1477194	786834
2886810	665877
4331816	652605
4455680	586055
887666	104734
3624556	515535
4924278	852712
1510922	306139
1862258	825915
16968	389019
4324682	806037
4059462	719534
4550052	330780
793852	180661
270190	152395
2742924	650874
4641318	747309
3184656	618865
4156740	722774
909100	1006186
1254862	825736
174960	283820
2432612	16621
4059148	907648
52554	557053
3920968	601425
2314540	528283
4695006	388906
4082552	632234
2631192	95952
535196	1008115
3274614	835951
102780	608068
3730288	29777
77340	966188
2106842	538948
3915336	35267
1875800	431846
1551020	536288
725370	775341
4810620	159942
4365390	728740
2852008	365349
2036294	91838
239288	464729
4371202	1008081
1003282	199045
2634730	364789,806485
2298612	646936
2573720	669998
1688534	768129
1935236	54640
4442404	380309,702447
284376	122347
1441528	319535,499583
540454	614882
162442	664098
2013480	661548
3846404	248920
5086624	541184
3758188	389528
4462882	55014
117666	915560
686416	635996
1590858	379044
2025892	634085
997542	474971
3541546	726475
3017266	652835
3633244	591251
4002644	466848
1029298	231584
2976736	915493
4920068	928161
680802	882429
93606	883687
549510	786096
3567474	425681
1032996	712027
4353082	54949
927966	411996
4918506	153031
4843772	67027
4172104	323291
4777924	520681
979912	374731
187092	896093
3150594	487586
73812	528333
4890614	398287
2331370	924960
363376	1016383
3274418	25030
4117810	899831
5145476	281620
1435606	107278
1877262	443823
872910	136782
4046824	76115
3427282	996311
4613252	234085
2061110	68768
39248	5035
3611730	419272
841990	186413
4988898	791130
1842926	665842
2792352	595683
3409128	471047
2856010	189333
4816558	679697
3307334	457960
3147410	335974
3692526	764269
4063566	979542
4628878	943772
4375328	169407
4145582	77349
2118438	868351
5056684	533996
3701824	34857
920880	388238
1632900	815843
1357796	121467
4002360	437365
496362	147616
1029408	224365
2623326	550205
4139834	974245
3429482	158459
745468	402991
3831964	891578
3972804	198236
2427732	430351
2452958	12703
971318	468565
409868	225627
680256	47697
1287116	636730
4023796	31696,190977
958388	479805
4689626	9929
2241986	416576
4931008	373713
4696408	955632
2004798	502147
358776	576274
5047902	195665
139140	232021
4483916	404957
1820984	10739
4408134	60921
2379396	340864
5046848	1005470
4230104	106532
3622950	817961
3821956	792053
4658956	154939
372420	692412
284538	176901
2373302	594860
4515676	138083
4026272	51512
2748220	593080
134702	823068
1202612	428914
1386722	881109
2011348	492199
5093500	430941
1802204	12079
4491804	13447
952996	810418
1552668	31846
2573578	519382
1914048	704079
1116830	865728
1583704	77671,138845
4294160	525959
3518450	480889
1132294	513351
1091128	27203
1022464	312881,410308
3913708	898595
1502970	761239
2524562	3066
4022372	121001
4604112	678403
2383214	393549
3995732	817452
1990016	399998
1776966	295540
1762392	723543
1527566	31075
1181328	962918
947148	761628
3128436	233633
2865890	14580
1993344	919581
3798388	310378
1344778	1005829
1987732	867930
1303734	105744
2784498	600301
241832	681309
2271658	470452
949862	11794
1648242	146467
2963034	139768
2184794	564020
957274	666913
2077072	175748
428072	990313
3399652	372916
4723378	978097
3868370	903949,946351
274924	778228
1762024	228227
4536278	747369
3011954	138833
3933588	494585
4137552	324340
1821968	637816
3800888	46861
1063918	537174
3792984	355314
3783740	107575
648008	675939
2379858	859684
5038442	541939
1329868	302906
3168396	275803
3242806	118930
4268750	360471
1286678	1001983
238700	889048
1572264	978283
2245134	1001754
2750198	714453
1729308	717936
1966184	166506
509860	345698
3941358	457807
2115658	127399
3559102	92066
1705972	430425
2427052	586234
2864736	538302
1039898	273606
3244484	668608
2051612	452165
4712862	624231
2094408	503250
4368136	1004729
3116570	534661
2574064	200802
79060	666577,818131
267810	625483
1040664	610161
3535686	135664
2038114	925896
4968912	269377,526626
4347684	498559
50796	1000310
3528824	141618
97846	965939
4741596	248689
4886338	473268
1755464	834717
1540988	677122
2767774	962524
2480494	341486
3720572	494959
776028	313375
921082	265498
1795584	937838
1118738	975138
1153790	527326
3879004	339417
3531490	273151
1149730	539356
3134820	917433
3176902	724434
2815020	531080
4405702	912246
85380	252255
1588610	754141
3773578	608008
3803766	144907
3824102	975308
2166472	993010
3559988	467547
1754412	4293
429992	354518
4408236	346529
3424410	621134
85008	181289
3869872	544794
590068	116246
3486422	708101
5017328	699223
1571914	157807
3842748	508782
3038392	778195
499628	58293
2066038	827943
4708590	259379
3503404	266920
480502	75668
1492118	726640
788088	932681
798318	307593
4230668	616203
4401760	412938
4383840	444433
3311056	132397
4441334	323322
1143682	564127
778348	736833
419838	873302
4385020	523395
2704822	796694
3616890	358221
2033876	123108
4974832	897951
975076	926096
551024	69232
138652	10686
3957256	279710
4162552	894790
4205936	359711
1482032	2634
3732816	554982
2867204	500100
2028612	773982
4491854	15457
2434706	279977
1602868	385454
4651228	58531
3865048	223810
3921230	172485
3777100	205057
2403176	183286
4980550	93317
3952496	244483
4332878	1008146
4288384	233100
4463298	369269
45262	196894
4045944	48470
1238026	115488
1403092	983426
3489412	378727
5063284	665350
4101742	159237
1418114	151794
2534692	355056
1257780	577354
1196798	174575,758398
3018218	398231
3913962	386703
365256	763107
1109714	589083
1286372	475788
3037252	816866
1087008	334965
3312160	656949
2321430	264420
5064114	1007528
1945332	353372
4891958	17432
633770	636620
351372	760040
2134602	433898
1437302	443564
1044710	903366
2127694	870654
4153834	110141
841456	48774
877676	9974
4664336	567318
4697014	563363
1784326	312570
2576212	268909
1871816	889415
2057448	762044
4799056	636381
4204818	660721
2881164	267010
3968796	862481
785198	92334
1005654	482012
2276498	453303
3478642	429969
1679854	905559
4189616	816278
947576	186928
1454288	431421
3435534	302228
2667082	900185
4958974	356923
3819448	790091
2867610	680871
4476010	955592
1526218	942486
4040816	177327
2443538	678836
591884	671883
1328262	719812
3005224	867099
2476988	533111
1382074	679763
3070496	909715
4631604	999181
2519058	249239,349065
2704564	25636
3008760	285333
4467906	302195
3371656	364114
1209594	721209
223470	646859
3851550	906132
1632606	722516
2408920	718052
164820	917042
4734258	548498
1612440	884607
1618218	178277
717748	1007725
3771402	11244
1914298	328623
2898014	797174
659442	362235
5074564	931158
900152	201802
4795978	503166
4997902	304000
543994	151504
3453986	726209
1573022	65321
807464	136062
881058	582651
1175124	197343
3376544	629543
3196784	624270
3912280	404208
3059542	201317
3198750	68338
3204000	139087,462424
5054374	798408
3461796	871247
4489434	319354
1195370	211432
2281374	32218,686544
812392	253969
1793310	590815
1068358	99553
1715248	37380
2199610	977835
510936	969757
1227700	824637
4199070	381059
2510324	966763
1335942	424822
3409158	613495
2596534	911106
4321986	886147
3657724	259739
1159516	857823
2518258	186122
1456800	205571
889284	889074
3447006	475295
5069556	421631
5124936	1002891
3084376	303470
4983944	947967
2195530	578869
4556988	367764
2680390	810504
4159678	597236
1794264	511521
4166550	630212
4410134	335512
5103736	872919
3938366	867561
550054	309616
2285524	790275
1806932	903282
3378062	220274
2746150	421649
2439024	805513
312232	625981
674340	400574
1317210	510510
2176140	451427
3483960	420185
3699850	105387
2211902	579772
1377410	303014
2683288	257713
2978120	972057
4174126	127554
5103352	701609
443330	842156
1355688	32081
3086312	735675
2933834	204618
4808168	324221
2256972	192564
3312294	531249
3322810	339293
1514728	96703
4719914	921578
1775176	436910
1550846	978005
3615256	274529
2447124	551897
4667312	324968
1581980	282334
4939114	294569
2185038	135828
3804444	708271
454408	720030
2098266	707986
4052004	117465
2631766	959162
168114	575662
1149688	46799
4739686	1005214
155356	499313
1383350	478190
4915504	713505,716464
2504528	717818
1939962	279246
277956	103329
3307024	582673
1107076	556665
4732754	303123
2549078	203692
2395960	966890
2797422	784208
974892	985910
1269638	734152
3542534	774886
3007072	288969
1395660	731211
2083142	441564
3655402	405148
3404526	975068
5100954	94717
5017822	675401
3605326	21331
319120	945603
5124860	403532
1198240	336678
3889172	984295
3013118	540925
3401726	130206
1177892	651177
4109268	1017188
3488444	279127
1779728	747810
2872156	979033
3232474	249337
573336	153801
3398726	976827
4604814	593581
85956	326148
1166964	962716
2874636	813071
762610	854221
921910	217953
5131866	830326
1203242	1015628
633966	143966
1841984	62313
357442	798893
2134598	63209
2307114	121007
1654450	460728
3796976	156055
2654824	363812
1368956	591666
2086628	158990
4458456	225340
1878380	107774
799248	445364
2236280	439897
4090702	868096
3230066	877433
4521526	545634
4240924	997992
1787150	686810
3586596	976120
2821308	133020
1241234	21604
2538560	890847
3784034	666848
4353916	418815
5157966	78581
411194	205462
3671890	46672
823508	681205
3314348	798931
5001786	984214
707144	318355
2825454	199293
1030588	908662
4568476	124154
3541746	498974,712325
638604	747863
855636	628837
4273626	968430
764714	693545
1910706	122294,792747
2366280	476348
2738146	961159
2131584	245214
622920	659452
294824	606244
252314	196640
2272742	1007628
1202588	285391
2329882	644865
3072876	39088
2106622	363611
910048	635574
410736	281404
651820	848049
4105058	888726
1450788	27943
1619400	785333
4120598	586398
2092130	314144
1660550	804161
2243082	251794
2688996	261940
3299106	557815
4871308	710910
2991306	856042
754608	80098,250501
2424996	600286
681092	865829
4585096	772610
1275970	1006613
426232	828627
3371788	483027
1407498	960697
1164464	774280
5134272	235469
4863718	721979
5092508	791724
2610392	543196
2768470	69311
100572	44971
295158	104918
3946052	176291
4321890	160148
2508148	416794
2349310	177211
1980334	238290
310820	348224
1517532	880150
3799022	562866
1657754	1013303
3524938	397556
2070940	877948
1716562	801912
1568410	590220
1222102	720066
4595558	337619
637422	189299
3427040	222951
360540	852303
756578	1014009
1556520	916017
4926588	162305
956568	31101
127812	67160,217950
2966384	588111
5015206	931634
3192280	170686
5004176	653668
756154	473928
2999092	295560
4523164	304902
987274	218214
2355354	439112
1275192	110564
4366498	484073
255206	886625
4858376	387812
240886	614644
1712374	784136
2903366	760321
947422	199748
829406	953448
1557360	541870
972168	520259
3506004	355000
3058430	351251
4304932	245056
4666384	529526
680014	640033
48260	992843
4969914	1000950
2366956	453796
628184	908588
1211738	997702
63316	212373
2551592	292223
2158290	369774
1030458	462175
1939838	67721
847368	609976
3268674	22279
1380860	369329
260496	51094,130658
2294546	18821
582930	680386
3327324	290730
4942114	269972
543272	32953
1523080	419161
1367844	497133
4304802	1009764
3776708	836317
911834	455394,628742
1027270	343880
2738626	602658
4200294	762650
702776	858807
4685332	638968
1929890	672987
3375616	628145
3146020	782247
1929050	729494
4225410	740250
3850194	780734
957220	447485
4543094	1011761
3100608	108694
3050684	131338
452620	281281
3349780	685080
2871118	1014754
4075842	620056
1694318	582027
3077132	999090
330410	149443
1742984	544186
4022368	1010109
933606	555862
1612792	256707
3465956	458213
3305194	450910
4997968	733478
1196190	904724
1945286	157856
2990198	46974
421812	80662
4125754	407134
4507916	673907
4775576	240580
2742798	754806
4940440	88026
1822548	225064
1021798	632041
2192262	676648
1272506	1003363
2339314	473429
3762498	236323
1852050	780891,932161
4192338	942470
5828	276577
1141430	175572
4388494	300818
230314	390434
4616044	639986
307898	704922
3668508	887509
3915414	396663
88862	347026
70452	485662
3307132	874162
1091572	665908
4935848	140316
4540160	228686
2901572	728653
5128232	486045
3143660	793946
1478312	98845
4959398	262072
4137848	36215
3814160	375612
2351240	393488
1094290	152160
1363648	483204
2566052	329421
757560	845265
3753588	219072
5026674	89598
3660614	428301
4705196	69329
2239962	178939
3884778	606306
1743892	420657
1317068	164062
1141840	894008
2412336	380530
4292012	572788
169642	339532,625455
5119150	987378
452180	909946
1279470	346861
1016868	482472
709710	337132
5052048	748481
3360886	946033
5104446	972635
3793524	576653
558362	495658
4970474	332238
3870992	850279
3671484	674021
4490022	984056
4975814	909278
4694232	308411
4296244	489521
4478	725499
942852	232411
2412972	245075
1789962	582907
1399544	400237
53150	315395
3157218	214408
2637262	379453
1561986	170336
116546	1014979
3350918	31029
2888188	928049
1998020	210769
3988078	364150
248860	727615
2451196	654263
4917458	921247
3275026	574137
2212974	392262
4672586	484060
4364118	1006134
2342674	97523
3676438	688838
4726962	995467
2601044	674812
1238542	611759
3689036	438463
511496	640466
3730516	333990
3319448	643461
3799362	973479
4172030	576499
890396	454286
3880424	862062
3668874	250512
25400	721144
421876	674139
3661170	272520
1926504	980349
4876800	625458,807228
1663420	600396
3071728	625968
2153964	773232
3413134	851589
879270	706213
3773358	311607
3574826	197352
1286740	436149
1180356	91376
4587772	978751
883438	1003668
1112178	352911
5059164	437961
5065860	819255
2955208	173861
5097564	732748
4389474	908520
2806478	213393
1836342	782584
491328	961128
2805938	607663
4352356	130857
4057472	940819
1909534	997143
3513812	591500
2818406	975965
3188996	174092
3368842	540489
2546436	849997
44508	592094
1999958	381298
1183498	960366
208024	941974
3895650	826470
3583528	99035
4171388	713967
4494348	699440
4711780	989891
2929432	1014590
4803170	303075
4275188	944610
3499332	395872
677866	665580
3550684	316884
2013074	649509
1983786	731827
344968	242580
1134862	672573
1677330	5659
2480146	797080
1438964	614724
167578	865145
3639798	348872
1813380	84905
5083158	407649
175094	181882
542872	352063
5054038	932228
1960252	998891
1205176	388411
2153680	372439
4070710	318696
3975742	13515
1125770	3991
4922788	85735
2059792	408945
4462540	150821
4858688	720156
4794446	71139,427033
38354	271367
1273118	38870
1212958	264955
4224220	634387
1557318	75132
4666588	850720
3921934	707590
4981410	225548
1679492	550943
5045806	12324,168501
1674582	491660
3895062	965703
2800480	666818
4439672	486837
3744290	871369
253198	187335
3801796	672790
2171422	934475
4215424	784244
4140898	290424
865392	863417
410272	576610
2881668	537075
2059152	267610
1719778	556161
332864	883611
2828948	652855,887478
4310256	956581
646540	302807
895536	523639
1985098	533260
5157776	667875
4823012	263389
2537734	204299,439704
2629942	304340
4962320	670501
4144288	646538
2508818	176636
5155512	191407
4430298	962939
1989686	637298
1578576	381972
2923496	881921
1276146	904016
1490642	355262
734792	265961
5140860	1008333
1757526	115660
4104508	1008439
2915300	917105
186692	900904
2635618	433409
2941650	420698
4614736	440540
1142386	609219
2469652	5561
3171142	672006
853254	513424
3265956	625821
272348	164530
3610182	116738
2407018	406803
2292958	373245
908316	296976
1987474	590925
2657822	292288
3551838	955212
3648038	208425
1434516	617340
4084738	921389
1563110	437839
248898	575755
4066740	230457
2980032	739169
1438634	344369
1651386	712413
225162	503161
4894844	58380
4090910	703462
2279168	908678
3338182	476655
2559064	460058
4784934	866615
1508204	799577
700204	459252
4583886	744588
4852598	316098
2632516	595835
1438458	762590
1232852	122383
1364700	334430
3861948	362662
603670	965806
3946192	242190
2322418	88867
4330890	921130
962020	939520
474782	865566
4015290	427369
3659832	921543
1954156	1004027
3255754	169649
3884066	298624
3100846	405260
176278	732494
2653732	964450
1500938	533999
3882986	378495
3332252	394203
2862190	80718
4760990	440388
240540	238457
1294500	422125
684080	265770
4294700	1006108
416944	46626
2785396	189061
2495758	381440
3978998	230081
1206464	606122
4230374	653825
4885304	26452
4878556	529949
1195062	597778
594498	660420
3307638	209006,778760
1377634	246862
1638544	168337
2165472	369730
1732960	552227
1014126	687801
494926	41478
1941086	769351
523498	194453
4315508	8066
956284	899751
3874706	666904
195424	635601
368790	631154
1614264	164739
779288	246193
5133976	271072,862441
3552898	928477
1892478	728462
1841594	403640
555094	294193
4279184	117417
3751052	168504
4707764	357841
1253760	824704,991648
2758032	447634
772754	117135
1974430	145747
1361934	614235
3041804	643111
2903300	598191
1047068	942292
3948946	219143
4772038	19010
633226	129341
3661834	864780
582354	525554
2940250	339322
373190	752355
1603838	257812
789328	465861
4827260	343578
4048384	220446
1595956	321939
3276912	823853
627906	607380
2653396	316688
820416	675680
4554568	802025
3475964	748806
17220	69799,836489
3508454	790471
4636264	530611
3305846	37774
1577158	639971
4433536	364670
384158	239762
3072322	551029
5035002	500486
3878908	468735
3662188	825185
2856036	157744
782486	887781
4281298	673300
3324688	919984
975996	284556
2570418	46408
85022	216720
1062554	779215
3262588	591411,989817
3372804	379835
1151508	731502
2907514	220607
467046	1013305
4089470	453899
5139402	181360
